  1.097820562500000E-009  3.011229105000001E-010  4.387629025000000E-006
   2477.19700400000        1.47199458100000       1.176887495500000E-005
 -0.168676397000000        1.76206808000000       4.410256587199999E-003
  9.498537575000000E-006   5.54798179400000       0.711558299200000     
  3.785010086642000E-002  1.171066309500000E-005   5.01191568500000     
   1.55977541300000        1.18368033350000       4.302500372000000E-006
   3.71195408700000       0.585980899700000       0.176405297594200     
  1.419095464300000E-005   3.53401999670000        1.67694019890000     
  0.522671454158900       1.086438260700000E-005   6.61800929900000     
   3.47658460000000       1.397020382208000E-002  7.897821034999999E-006
   17.5159014100000        4.95302538500000       3.652779878279001E-002
  1.654599046200000E-005   32.0117297500000        14.3111680475000     
  3.137823864516000E-002  3.577091075000000E-005   63.0464949000000     
   19.2319274600000       5.111495455157999E-002
