           1  4.065043235528233E-002
           2  7.227604957405685E-002
           3  9.595810730395105E-002
           4  0.116402619329511     
           5  0.141236416312429     
           6  0.171993619220160     
           7  0.190611518654330     
           8  0.225956453814117     
           9  0.252490774834825     
          10  0.279648929614308     
          11  0.315633389431501     
          12  0.363660339100480     
          13  0.434799483712187     
          14  0.488251139544327     
          15  0.565165280749754     
          16  0.608977999049467     
          17  0.700595545132790     
          18  0.794616374257026     
          19  0.898775195373985     
          20   1.00000000000000     
