 ==peak position==
 step
   2477.19700400000     
 WL
   0.24770283E+004   0.11768875E-004   0.17620681E+001   0.44102566E-002
 low
           1
   0.24716490E+004   0.94985376E-005   0.71155830E+000   0.37850101E-001
           2
   0.24721851E+004   0.11710663E-004   0.15597754E+001   0.11836803E+001
           3
   0.24734850E+004   0.43025004E-005   0.58598090E+000   0.17640530E+000
           4
   0.24736630E+004   0.14190955E-004   0.16769402E+001   0.52267145E+000
 high
           1
   0.24838150E+004   0.10864383E-004   0.34765846E+001   0.13970204E-001
           2
   0.24947129E+004   0.78978210E-005   0.49530254E+001   0.36527799E-001
           3
   0.25092087E+004   0.16545990E-004   0.14311168E+002   0.31378239E-001
           4
   0.25402435E+004   0.35770911E-004   0.19231927E+002   0.51114955E-001
