Energy, I_inc, I_ab, f_ratio, Restored_Spectrum, step, wl, low, high
   0.24400188E+004   0.63913500E+010   0.14200000E+003   0.10691644E-007   0.68334039E+002  -0.82326123E+002   0.35850104E+002   0.11206513E+003   0.27449284E+001  -0.46476019E+002
   0.24410188E+004   0.63917500E+010   0.14600000E+003   0.12843835E-007   0.82094580E+002  -0.68575011E+002   0.35852347E+002   0.11207214E+003   0.27451002E+001  -0.32722663E+002
   0.24420188E+004   0.63896500E+010   0.18200000E+003   0.15047447E-007   0.96147921E+002  -0.54472168E+002   0.35840568E+002   0.11203532E+003   0.27441983E+001  -0.18631600E+002
   0.24430189E+004   0.63889500E+010   0.16100000E+003   0.17306976E-007   0.11057340E+003  -0.40030187E+002   0.35836642E+002   0.11202305E+003   0.27438977E+001  -0.41935449E+001
   0.24440189E+004   0.63896500E+010   0.16900000E+003   0.19792291E-007   0.12646581E+003  -0.25208224E+002   0.35840568E+002   0.11308927E+003   0.27441983E+001   0.10632344E+002
   0.24450189E+004   0.63908500E+010   0.18800000E+003   0.22402409E-007   0.14317044E+003  -0.99581872E+001   0.35847299E+002   0.11453661E+003   0.27447137E+001   0.25889112E+002
   0.24460189E+004   0.63871500E+010   0.20800000E+003   0.25110920E-007   0.16038721E+003   0.57596614E+001   0.35826545E+002   0.11605788E+003   0.27431246E+001   0.41586207E+002
   0.24470189E+004   0.63869500E+010   0.19000000E+003   0.27928985E-007   0.17838103E+003   0.21982570E+002   0.35825423E+002   0.11783000E+003   0.27430387E+001   0.57807994E+002
   0.24480189E+004   0.63886500E+010   0.22100000E+003   0.30869962E-007   0.19721738E+003   0.38781413E+002   0.35834959E+002   0.11985724E+003   0.27437689E+001   0.74616372E+002
   0.24490189E+004   0.63891500E+010   0.24900000E+003   0.33972525E-007   0.21705556E+003   0.56202685E+002   0.35837764E+002   0.12227112E+003   0.27439836E+001   0.92040449E+002
   0.24500189E+004   0.63909500E+010   0.24200000E+003   0.37211226E-007   0.23781508E+003   0.74336046E+002   0.35847860E+002   0.12488642E+003   0.27447566E+001   0.11018391E+003
   0.24510189E+004   0.63919500E+010   0.28900000E+003   0.40628295E-007   0.25969403E+003   0.93239952E+002   0.35853469E+002   0.12785543E+003   0.27451861E+001   0.12909342E+003
   0.24520189E+004   0.63930500E+010   0.29200000E+003   0.44250076E-007   0.28289295E+003   0.11301696E+003   0.35859639E+002   0.13127069E+003   0.27456585E+001   0.14887660E+003
   0.24530189E+004   0.63930500E+010   0.30600000E+003   0.48149737E-007   0.30782367E+003   0.13374923E+003   0.35859639E+002   0.13546914E+003   0.27456585E+001   0.16960887E+003
   0.24540189E+004   0.63960500E+010   0.29400000E+003   0.52290111E-007   0.33445016E+003   0.15565085E+003   0.35876467E+002   0.14017590E+003   0.27469470E+001   0.19152732E+003
   0.24550189E+004   0.63987500E+010   0.35100000E+003   0.56761515E-007   0.36320274E+003   0.17880955E+003   0.35891612E+002   0.14571769E+003   0.27838890E+001   0.21470116E+003
   0.24560189E+004   0.64003500E+010   0.38100000E+003   0.61735422E-007   0.39512831E+003   0.20337478E+003   0.36508332E+002   0.15229777E+003   0.29474284E+001   0.23988311E+003
   0.24570189E+004   0.64008500E+010   0.43000000E+003   0.67707984E-007   0.43338865E+003   0.22954383E+003   0.40508099E+002   0.16021807E+003   0.31186487E+001   0.27005193E+003
   0.24580190E+004   0.64023500E+010   0.47700000E+003   0.74476283E-007   0.47682323E+003   0.25764287E+003   0.45218165E+002   0.17063918E+003   0.33230149E+001   0.30286104E+003
   0.24590190E+004   0.64037500E+010   0.54900000E+003   0.82029001E-007   0.52529322E+003   0.28794469E+003   0.50809957E+002   0.18298468E+003   0.35538871E+001   0.33875464E+003
   0.24600190E+004   0.64033500E+010   0.59900000E+003   0.90748761E-007   0.58109608E+003   0.32074452E+003   0.57814624E+002   0.19873816E+003   0.37987765E+001   0.37855914E+003
   0.24610190E+004   0.64028500E+010   0.69900000E+003   0.10093001E-006   0.64623970E+003   0.35658396E+003   0.66023164E+002   0.21953766E+003   0.40949126E+001   0.42260713E+003
   0.24620190E+004   0.64013500E+010   0.76900000E+003   0.11353641E-006   0.72678632E+003   0.39600249E+003   0.76143465E+002   0.25020554E+003   0.44348185E+001   0.47214595E+003
   0.24630190E+004   0.63988500E+010   0.91800000E+003   0.12903674E-006   0.82568676E+003   0.43974089E+003   0.88839932E+002   0.29230299E+003   0.48029546E+001   0.52858082E+003
   0.24640190E+004   0.63955500E+010   0.11160000E+004   0.14971424E-006   0.95750490E+003   0.48878325E+003   0.10588723E+003   0.35757726E+003   0.52571557E+001   0.59467048E+003
   0.24650190E+004   0.63947500E+010   0.12800000E+004   0.18088395E-006   0.11567076E+004   0.54469793E+003   0.12760957E+003   0.47863972E+003   0.57603894E+001   0.67230750E+003
   0.24652190E+004   0.63944500E+010   0.14610000E+004   0.18857991E-006   0.12058648E+004   0.55681897E+003   0.13300914E+003   0.51013737E+003   0.58993116E+001   0.68982811E+003
   0.24654190E+004   0.63931500E+010   0.14530000E+004   0.19840416E-006   0.12684276E+004   0.56920420E+003   0.13875494E+003   0.55446208E+003   0.60063424E+001   0.70795914E+003
   0.24656190E+004   0.63923500E+010   0.15600000E+004   0.20748896E-006   0.13263421E+004   0.58200224E+003   0.14491465E+003   0.59330790E+003   0.61172748E+001   0.72691688E+003
   0.24658190E+004   0.63909500E+010   0.17170000E+004   0.21701611E-006   0.13869391E+004   0.59512971E+003   0.15014286E+003   0.63539603E+003   0.62704752E+001   0.74527258E+003
   0.24660190E+004   0.63901500E+010   0.17500000E+004   0.22755850E-006   0.14541329E+004   0.60872397E+003   0.15713706E+003   0.68188187E+003   0.63900399E+001   0.76586104E+003
   0.24662190E+004   0.63892500E+010   0.18770000E+004   0.24112481E-006   0.15406067E+004   0.62273962E+003   0.16466511E+003   0.74668849E+003   0.65134895E+001   0.78740473E+003
   0.24664190E+004   0.63885500E+010   0.19860000E+004   0.25358744E-006   0.16200561E+004   0.63723308E+003   0.17279721E+003   0.80334065E+003   0.66851302E+001   0.81003028E+003
   0.24666190E+004   0.63889500E+010   0.21270000E+004   0.26696676E-006   0.17056373E+004   0.65231618E+003   0.18163312E+003   0.86486795E+003   0.68200131E+001   0.83394931E+003
   0.24668190E+004   0.63881500E+010   0.22280000E+004   0.28157958E-006   0.17987726E+004   0.66778734E+003   0.19119605E+003   0.93283092E+003   0.69582935E+001   0.85898338E+003
   0.24670190E+004   0.63871500E+010   0.23310000E+004   0.30045218E-006   0.19190331E+004   0.68377432E+003   0.20161648E+003   0.10264893E+004   0.71530342E+001   0.88539081E+003
   0.24672190E+004   0.63855500E+010   0.26420000E+004   0.31748789E-006   0.20273348E+004   0.70026353E+003   0.21063199E+003   0.11091263E+004   0.73129707E+001   0.91089552E+003
   0.24674190E+004   0.63867500E+010   0.26690000E+004   0.33626934E-006   0.21476682E+004   0.71766647E+003   0.22301885E+003   0.11995038E+004   0.74790974E+001   0.94068533E+003
   0.24676191E+004   0.63856500E+010   0.28190000E+004   0.35667375E-006   0.22775938E+004   0.73546061E+003   0.23662423E+003   0.12978050E+004   0.77039076E+001   0.97208484E+003
   0.24678190E+004   0.63852500E+010   0.32310000E+004   0.38319113E-006   0.24467712E+004   0.75401257E+003   0.25178085E+003   0.14330924E+004   0.78853719E+001   0.10057934E+004
   0.24680190E+004   0.63849500E+010   0.34880000E+004   0.40790955E-006   0.26044821E+004   0.77330387E+003   0.26875786E+003   0.15543495E+004   0.80707990E+001   0.10420617E+004
   0.24682191E+004   0.63866500E+010   0.37320000E+004   0.43476523E-006   0.27766933E+004   0.79362415E+003   0.28800898E+003   0.16867284E+004   0.83318182E+001   0.10816331E+004
   0.24684190E+004   0.63898500E+010   0.40660000E+004   0.46473585E-006   0.29695924E+004   0.81497182E+003   0.30999890E+003   0.18360826E+004   0.85390668E+001   0.11249707E+004
   0.24686190E+004   0.63936500E+010   0.46260000E+004   0.50340025E-006   0.32185650E+004   0.83730667E+003   0.32998220E+003   0.20425207E+004   0.87553859E+001   0.11672889E+004
   0.24688190E+004   0.63960500E+010   0.50800000E+004   0.54317356E-006   0.34741653E+004   0.86043527E+003   0.35838513E+003   0.22462911E+004   0.90537703E+001   0.12188204E+004
   0.24690190E+004   0.63954500E+010   0.57320000E+004   0.59256623E-006   0.37897277E+004   0.88417998E+003   0.39142458E+003   0.25048382E+004   0.92848949E+001   0.12756046E+004
   0.24692190E+004   0.63957500E+010   0.64920000E+004   0.66014450E-006   0.42221192E+004   0.90914764E+003   0.43050997E+003   0.28729311E+004   0.95305144E+001   0.13396576E+004
   0.24694191E+004   0.63950500E+010   0.74810000E+004   0.76113431E-006   0.48674920E+004   0.93514810E+003   0.47703449E+003   0.34454447E+004   0.98646560E+001   0.14121826E+004
   0.24696190E+004   0.63943500E+010   0.89270000E+004   0.91778109E-006   0.58686135E+004   0.96240356E+003   0.53296864E+003   0.43631071E+004   0.10134219E+002   0.14953722E+004
   0.24698191E+004   0.63937500E+010   0.10473000E+005   0.11674772E-005   0.74645573E+004   0.99104271E+003   0.60070633E+003   0.58623958E+004   0.10412479E+002   0.15917490E+004
   0.24700191E+004   0.63921500E+010   0.12905000E+005   0.15623961E-005   0.99870699E+004   0.10209960E+004   0.66523248E+003   0.82900429E+004   0.10798643E+002   0.16862284E+004
   0.24702191E+004   0.63914500E+010   0.15850000E+005   0.21803637E-005   0.13935686E+005   0.10526848E+004   0.76203515E+003   0.12109854E+005   0.11112162E+002   0.18147199E+004
   0.24704190E+004   0.63914500E+010   0.20190000E+005   0.30977714E-005   0.19799251E+005   0.10862179E+004   0.88066891E+003   0.17820926E+005   0.11438532E+002   0.19668868E+004
   0.24706190E+004   0.63916500E+010   0.25624000E+005   0.42284136E-005   0.27026540E+005   0.11216889E+004   0.10260648E+004   0.24866886E+005   0.11900355E+002   0.21477536E+004
   0.24708191E+004   0.63913500E+010   0.32404000E+005   0.56825227E-005   0.36318991E+005   0.11591395E+004   0.12039178E+004   0.33943666E+005   0.12267564E+002   0.23630573E+004
   0.24710191E+004   0.63907500E+010   0.39079000E+005   0.71625073E-005   0.45773793E+005   0.11987928E+004   0.14208858E+004   0.43141460E+005   0.12654699E+002   0.26196786E+004
   0.24712191E+004   0.63908500E+010   0.46203000E+005   0.85513633E-005   0.54650480E+005   0.12410564E+004   0.16846606E+004   0.51711555E+005   0.13208248E+002   0.29257170E+004
   0.24714191E+004   0.63911500E+010   0.51213000E+005   0.95422275E-005   0.60985807E+005   0.12860926E+004   0.19348290E+004   0.57751232E+005   0.13653875E+002   0.32209216E+004
   0.24716191E+004   0.63906500E+010   0.54490000E+005   0.10037677E-004   0.64147280E+005   0.13339806E+004   0.23033785E+004   0.60495790E+005   0.14131412E+002   0.36373590E+004
   0.24718191E+004   0.63901500E+010   0.55903000E+005   0.99372429E-005   0.63500473E+005   0.13851983E+004   0.27425353E+004   0.59357930E+005   0.14809123E+002   0.41277335E+004
   0.24720190E+004   0.63900500E+010   0.54384000E+005   0.94295816E-005   0.60255498E+005   0.14402062E+004   0.32613247E+004   0.55538601E+005   0.15365821E+002   0.47015309E+004
   0.24722191E+004   0.63893500E+010   0.52537000E+005   0.86475148E-005   0.55251999E+005   0.14992224E+004   0.38675405E+004   0.49869266E+005   0.15970019E+002   0.53667629E+004
   0.24724191E+004   0.63896500E+010   0.50246000E+005   0.79484921E-005   0.50788083E+005   0.15630878E+004   0.45693324E+004   0.44638815E+005   0.16847117E+002   0.61324202E+004
   0.24726191E+004   0.63892500E+010   0.48175000E+005   0.74149073E-005   0.47375697E+005   0.16319900E+004   0.53710815E+004   0.40355042E+005   0.17583006E+002   0.70030716E+004
   0.24728191E+004   0.63881500E+010   0.47355000E+005   0.71252402E-005   0.45517103E+005   0.17066008E+004   0.60861354E+004   0.37705983E+005   0.18383471E+002   0.77927362E+004
   0.24730191E+004   0.63890500E+010   0.47621000E+005   0.70355026E-005   0.44950178E+005   0.17884104E+004   0.70753891E+004   0.36067099E+005   0.19279442E+002   0.88637995E+004
   0.24732191E+004   0.63893500E+010   0.48537000E+005   0.70978104E-005   0.45350395E+005   0.18776994E+004   0.81647551E+004   0.35287324E+005   0.20615832E+002   0.10042455E+005
   0.24734191E+004   0.63895500E+010   0.48724000E+005   0.71295868E-005   0.45554852E+005   0.19757563E+004   0.93473010E+004   0.34210030E+005   0.21764429E+002   0.11323057E+005
   0.24736191E+004   0.63895500E+010   0.47856000E+005   0.70896183E-005   0.45299471E+005   0.20838917E+004   0.10610737E+005   0.32581777E+005   0.23065612E+002   0.12694628E+005
   0.24738191E+004   0.63888500E+010   0.46008000E+005   0.69632410E-005   0.44487102E+005   0.22035551E+004   0.11937000E+005   0.30321486E+005   0.25061448E+002   0.14140555E+005
   0.24740191E+004   0.63883500E+010   0.43875000E+005   0.66622203E-005   0.42560595E+005   0.23371291E+004   0.13029535E+005   0.27167109E+005   0.26822027E+002   0.15366664E+005
   0.24742191E+004   0.63877500E+010   0.40977000E+005   0.63300709E-005   0.40434910E+005   0.24869700E+004   0.14412667E+005   0.23506435E+005   0.28838680E+002   0.16899637E+005
   0.24744191E+004   0.63882500E+010   0.38488000E+005   0.59768072E-005   0.38181338E+005   0.26568064E+004   0.15790047E+005   0.19702461E+005   0.32023942E+002   0.18446854E+005
   0.24746191E+004   0.63881500E+010   0.36692000E+005   0.56542694E-005   0.36120321E+005   0.28499621E+004   0.17125094E+005   0.16110390E+005   0.34875051E+002   0.19975056E+005
   0.24748191E+004   0.63891500E+010   0.35339000E+005   0.53945467E-005   0.34466568E+005   0.30723712E+004   0.18387718E+005   0.12968284E+005   0.38194836E+002   0.21460089E+005
   0.24750191E+004   0.63887500E+010   0.33895000E+005   0.52118431E-005   0.33297163E+005   0.33296087E+004   0.19535837E+005   0.10388224E+005   0.43492994E+002   0.22865445E+005
   0.24752191E+004   0.63884500E+010   0.33056000E+005   0.50982682E-005   0.32570032E+005   0.36312872E+004   0.20539707E+005   0.83507756E+004   0.48262006E+002   0.24170994E+005
   0.24754191E+004   0.63889500E+010   0.32766000E+005   0.50279143E-005   0.32123093E+005   0.39898893E+004   0.21220259E+005   0.68590901E+004   0.53854636E+002   0.25210148E+005
   0.24756191E+004   0.63893500E+010   0.31951000E+005   0.50441731E-005   0.32228987E+005   0.44214389E+004   0.21891415E+005   0.58533037E+004   0.62829753E+002   0.26312854E+005
   0.24758191E+004   0.63895500E+010   0.32273000E+005   0.50739082E-005   0.32419990E+005   0.49488420E+004   0.22343031E+005   0.50572024E+004   0.70915284E+002   0.27291873E+005
   0.24760191E+004   0.63888500E+010   0.32242000E+005   0.51153260E-005   0.32681051E+005   0.56039534E+004   0.22557565E+005   0.44391607E+004   0.80371198E+002   0.28161519E+005
   0.24762191E+004   0.63883500E+010   0.32419000E+005   0.51768251E-005   0.33071370E+005   0.64338790E+004   0.22531583E+005   0.40104341E+004   0.95473980E+002   0.28965462E+005
   0.24764191E+004   0.63872500E+010   0.33133000E+005   0.52528784E-005   0.33551448E+005   0.75031619E+004   0.22263168E+005   0.36761104E+004   0.10900706E+003   0.29766330E+005
   0.24766191E+004   0.63868500E+010   0.33996000E+005   0.53538158E-005   0.34194018E+005   0.89015959E+004   0.21765835E+005   0.34018522E+004   0.12473526E+003   0.30667431E+005
   0.24768191E+004   0.63864500E+010   0.35383000E+005   0.55136040E-005   0.35212356E+005   0.10729340E+005   0.21211955E+005   0.31214172E+004   0.14964393E+003   0.31941295E+005
   0.24770191E+004   0.63869500E+010   0.36614000E+005   0.57127232E-005   0.36486877E+005   0.13056400E+005   0.20347066E+005   0.29116489E+004   0.17176177E+003   0.33403467E+005
   0.24772191E+004   0.63868500E+010   0.37687000E+005   0.59547895E-005   0.38032347E+005   0.15804462E+005   0.19310741E+005   0.27199682E+004   0.19717686E+003   0.35115202E+005
   0.24774191E+004   0.63865500E+010   0.39111000E+005   0.62000736E-005   0.39597080E+005   0.18678553E+005   0.18136079E+005   0.25455388E+004   0.23690880E+003   0.36814633E+005
   0.24776191E+004   0.63862500E+010   0.40404000E+005   0.63828150E-005   0.40762252E+005   0.21296035E+005   0.16857940E+005   0.23366418E+004   0.27163554E+003   0.38153975E+005
   0.24778191E+004   0.63870500E+010   0.40890000E+005   0.64897271E-005   0.41450212E+005   0.23444047E+005   0.15514074E+005   0.21809619E+004   0.31112864E+003   0.38958121E+005
   0.24780191E+004   0.63877500E+010   0.41028000E+005   0.65204457E-005   0.41650977E+005   0.25109074E+005   0.14135453E+005   0.20345489E+004   0.37190105E+003   0.39244527E+005
   0.24782191E+004   0.63879500E+010   0.41566000E+005   0.65323856E-005   0.41728553E+005   0.26379167E+005   0.13028719E+005   0.18965157E+004   0.42415115E+003   0.39407886E+005
   0.24784191E+004   0.63874500E+010   0.40884000E+005   0.64604624E-005   0.41265881E+005   0.27352199E+005   0.11664811E+005   0.17662741E+004   0.48259690E+003   0.39017010E+005
   0.24786191E+004   0.63873500E+010   0.40748000E+005   0.63630725E-005   0.40643171E+005   0.28112710E+005   0.10348738E+005   0.16107483E+004   0.57097408E+003   0.38461449E+005
   0.24788191E+004   0.63876500E+010   0.39697000E+005   0.62563586E-005   0.39963429E+005   0.28718826E+005   0.91011874E+004   0.14977521E+004   0.64566416E+003   0.37820013E+005
   0.24790191E+004   0.63875500E+010   0.39054000E+005   0.61471712E-005   0.39265364E+005   0.29207763E+005   0.79369528E+004   0.13927450E+004   0.72790265E+003   0.37144716E+005
   0.24792191E+004   0.63875500E+010   0.38707000E+005   0.60467830E-005   0.38624129E+005   0.29610408E+005   0.68678927E+004   0.12959971E+004   0.84983086E+003   0.36478301E+005
   0.24794191E+004   0.63885500E+010   0.38220000E+005   0.59455737E-005   0.37983595E+005   0.29951360E+005   0.59012641E+004   0.11799991E+004   0.95097195E+003   0.35852624E+005
   0.24796191E+004   0.63889500E+010   0.37295000E+005   0.58848619E-005   0.37598089E+005   0.30237876E+005   0.52022065E+004   0.10976636E+004   0.10603423E+004   0.35440083E+005
   0.24798191E+004   0.63896500E+010   0.37179000E+005   0.58135548E-005   0.37146580E+005   0.30484956E+005   0.44211167E+004   0.10213156E+004   0.12191916E+004   0.34906073E+005
   0.24800191E+004   0.63899500E+010   0.36809000E+005   0.57488726E-005   0.36735008E+005   0.30697372E+005   0.37391864E+004   0.95054903E+003   0.13479012E+004   0.34436558E+005
   0.24802191E+004   0.63898500E+010   0.36403000E+005   0.56938306E-005   0.36382724E+005   0.30881100E+005   0.31506888E+004   0.86644149E+003   0.14844932E+004   0.34031789E+005
   0.24804191E+004   0.63905500E+010   0.35799000E+005   0.56617288E-005   0.36181561E+005   0.31046710E+005   0.26487518E+004   0.80756915E+003   0.16785294E+004   0.33695462E+005
   0.24806191E+004   0.63910500E+010   0.35535000E+005   0.56333436E-005   0.36002981E+005   0.31193098E+005   0.22244105E+004   0.75333535E+003   0.18321370E+004   0.33417508E+005
   0.24808191E+004   0.63915500E+010   0.35586000E+005   0.56150340E-005   0.35888770E+005   0.31324076E+005   0.18688941E+004   0.70389750E+003   0.19919030E+004   0.33192970E+005
   0.24810191E+004   0.63922500E+010   0.35519000E+005   0.56207341E-005   0.35929137E+005   0.31443026E+005   0.16281497E+004   0.64507762E+003   0.22128840E+004   0.33071176E+005
   0.24812192E+004   0.63917500E+010   0.35662000E+005   0.56175543E-005   0.35906003E+005   0.31544909E+005   0.13742013E+004   0.60400495E+003   0.23828878E+004   0.32919110E+005
   0.24814191E+004   0.63918500E+010   0.36069000E+005   0.56208714E-005   0.35927767E+005   0.31640105E+005   0.11655179E+004   0.56641611E+003   0.25557278E+004   0.32805623E+005
   0.24816191E+004   0.63912500E+010   0.35756000E+005   0.56294858E-005   0.35979451E+005   0.31723511E+005   0.99452380E+003   0.53192412E+003   0.27294920E+004   0.32718035E+005
   0.24818191E+004   0.63910500E+010   0.36152000E+005   0.56499055E-005   0.36108828E+005   0.31801615E+005   0.85492121E+003   0.49151213E+003   0.29607806E+004   0.32656536E+005
   0.24820192E+004   0.63909500E+010   0.36041000E+005   0.56658183E-005   0.36209961E+005   0.31873825E+005   0.74100620E+003   0.46338706E+003   0.31317425E+004   0.32614832E+005
   0.24822192E+004   0.63911500E+010   0.36503000E+005   0.56838571E-005   0.36326383E+005   0.31941900E+005   0.64798396E+003   0.43765002E+003   0.32988500E+004   0.32589883E+005
   0.24824192E+004   0.63905500E+010   0.36236000E+005   0.57135598E-005   0.36512790E+005   0.32000977E+005   0.58577813E+003   0.41401814E+003   0.35120163E+004   0.32586755E+005
   0.24826192E+004   0.63909500E+010   0.37083000E+005   0.57320334E-005   0.36633139E+005   0.32060613E+005   0.52063373E+003   0.38865607E+003   0.36632361E+004   0.32581247E+005
   0.24828191E+004   0.63908500E+010   0.37031000E+005   0.57514490E-005   0.36756648E+005   0.32113766E+005   0.46672727E+003   0.37163757E+003   0.38045168E+004   0.32580494E+005
   0.24830191E+004   0.63903500E+010   0.36890000E+005   0.57764934E-005   0.36913814E+005   0.32161335E+005   0.42179311E+003   0.35602230E+003   0.39746644E+004   0.32583128E+005
   0.24832192E+004   0.63897500E+010   0.37749000E+005   0.57932933E-005   0.37017696E+005   0.32205185E+005   0.38403048E+003   0.34169462E+003   0.40867856E+004   0.32589216E+005
   0.24834192E+004   0.63882500E+010   0.37265000E+005   0.58077534E-005   0.37101381E+005   0.32241565E+005   0.35194916E+003   0.32435633E+003   0.41835103E+004   0.32593514E+005
   0.24836191E+004   0.63874500E+010   0.37711000E+005   0.58245558E-005   0.37204059E+005   0.32278825E+005   0.32450262E+003   0.31257832E+003   0.42881529E+004   0.32603328E+005
   0.24838192E+004   0.63864500E+010   0.37177000E+005   0.58351670E-005   0.37266002E+005   0.32312673E+005   0.30522812E+003   0.30171617E+003   0.43463848E+004   0.32617901E+005
   0.24840191E+004   0.63852500E+010   0.37336000E+005   0.58424117E-005   0.37305259E+005   0.32343298E+005   0.28391510E+003   0.29168173E+003   0.43863640E+004   0.32627213E+005
   0.24842192E+004   0.63858500E+010   0.37323000E+005   0.58470014E-005   0.37338074E+005   0.32381044E+005   0.26523568E+003   0.27956362E+003   0.44122307E+004   0.32646279E+005
   0.24844192E+004   0.63864500E+010   0.37013000E+005   0.58477847E-005   0.37346585E+005   0.32416959E+005   0.24865809E+003   0.27125773E+003   0.44097103E+004   0.32665617E+005
   0.24846192E+004   0.63884500E+010   0.36912000E+005   0.58457197E-005   0.37345088E+005   0.32458304E+005   0.23388381E+003   0.26360478E+003   0.43892953E+004   0.32692188E+005
   0.24848191E+004   0.63912500E+010   0.37341000E+005   0.58380809E-005   0.37312634E+005   0.32502173E+005   0.22060729E+003   0.25652011E+003   0.43333340E+004   0.32722780E+005
   0.24850192E+004   0.63936500E+010   0.37017000E+005   0.58291575E-005   0.37269593E+005   0.32542601E+005   0.20856617E+003   0.24776851E+003   0.42706571E+004   0.32751167E+005
   0.24855192E+004   0.63930500E+010   0.36367000E+005   0.57936691E-005   0.37039216E+005   0.32604487E+005   0.18360423E+003   0.23226704E+003   0.40188577E+004   0.32788091E+005
   0.24860192E+004   0.63935500E+010   0.36722000E+005   0.57351932E-005   0.36668244E+005   0.32665055E+005   0.16321893E+003   0.21921879E+003   0.36207518E+004   0.32828274E+005
   0.24865192E+004   0.63928500E+010   0.36492000E+005   0.56727708E-005   0.36265173E+005   0.32713678E+005   0.14621367E+003   0.20803831E+003   0.31972429E+004   0.32859892E+005
   0.24870192E+004   0.63908500E+010   0.36209000E+005   0.56052828E-005   0.35822522E+005   0.32750705E+005   0.13182539E+003   0.19835020E+003   0.27416413E+004   0.32882530E+005
   0.24875192E+004   0.63897500E+010   0.35411000E+005   0.55289794E-005   0.35328796E+005   0.32788119E+005   0.11955395E+003   0.18993828E+003   0.22311842E+004   0.32907673E+005
   0.24880192E+004   0.63885500E+010   0.35333000E+005   0.54661726E-005   0.34920917E+005   0.32821380E+005   0.10897168E+003   0.18255035E+003   0.18080152E+004   0.32930352E+005
   0.24885192E+004   0.63876500E+010   0.34494000E+005   0.54112619E-005   0.34565247E+005   0.32853032E+005   0.99777764E+002   0.17602666E+003   0.14364104E+004   0.32952810E+005
   0.24890192E+004   0.63862500E+010   0.34361000E+005   0.53602332E-005   0.34231789E+005   0.32879359E+005   0.91097308E+002   0.17021008E+003   0.10911228E+004   0.32970456E+005
   0.24895192E+004   0.63857500E+010   0.34566000E+005   0.53263877E-005   0.34012980E+005   0.32907906E+005   0.84083956E+002   0.16442273E+003   0.85656791E+003   0.32991990E+005
   0.24900192E+004   0.63825500E+010   0.33778000E+005   0.53041630E-005   0.33854086E+005   0.32920394E+005   0.77833741E+002   0.15976000E+003   0.69609757E+003   0.32998228E+005
   0.24905192E+004   0.63798500E+010   0.33728000E+005   0.52912251E-005   0.33757222E+005   0.32933555E+005   0.72271391E+002   0.15555804E+003   0.59583796E+003   0.33005826E+005
   0.24910192E+004   0.63776500E+010   0.33688000E+005   0.52871446E-005   0.33719558E+005   0.32947598E+005   0.67298192E+002   0.15175762E+003   0.55290395E+003   0.33014896E+005
   0.24915192E+004   0.63759500E+010   0.33679000E+005   0.52921134E-005   0.33742250E+005   0.32962710E+005   0.62832814E+002   0.14830923E+003   0.56839827E+003   0.33025543E+005
   0.24920192E+004   0.63729500E+010   0.33695000E+005   0.53058827E-005   0.33814125E+005   0.32969733E+005   0.58791098E+002   0.14513015E+003   0.64047146E+003   0.33028524E+005
   0.24925192E+004   0.63704500E+010   0.34036000E+005   0.53218695E-005   0.33902703E+005   0.32978109E+005   0.54847963E+002   0.14222757E+003   0.72751874E+003   0.33032957E+005
   0.24930192E+004   0.63681500E+010   0.34099000E+005   0.53446561E-005   0.34035572E+005   0.32986405E+005   0.51553277E+002   0.13956444E+003   0.85804880E+003   0.33037959E+005
   0.24935193E+004   0.63653500E+010   0.34376000E+005   0.53660675E-005   0.34156898E+005   0.32991099E+005   0.48545449E+002   0.13709986E+003   0.98015276E+003   0.33039645E+005
   0.24940192E+004   0.63637500E+010   0.34406000E+005   0.53890941E-005   0.34294848E+005   0.33001089E+005   0.45803771E+002   0.13484827E+003   0.11131065E+004   0.33046893E+005
   0.24945192E+004   0.63630500E+010   0.34454000E+005   0.54070563E-005   0.34405370E+005   0.33014912E+005   0.43295917E+002   0.13253756E+003   0.12146245E+004   0.33058208E+005
   0.24950192E+004   0.63602500E+010   0.34509000E+005   0.54220514E-005   0.34485602E+005   0.33017070E+005   0.40976804E+002   0.13059719E+003   0.12969586E+004   0.33058046E+005
   0.24955192E+004   0.63583500E+010   0.34546000E+005   0.54296437E-005   0.34523575E+005   0.33023192E+005   0.38845472E+002   0.12881026E+003   0.13327278E+004   0.33062037E+005
   0.24960193E+004   0.63559500E+010   0.34158000E+005   0.54306780E-005   0.34517118E+005   0.33026065E+005   0.36717926E+002   0.12713533E+003   0.13271991E+004   0.33062783E+005
   0.24965193E+004   0.63537500E+010   0.34576000E+005   0.54253518E-005   0.34471329E+005   0.33029376E+005   0.35639199E+002   0.12557541E+003   0.12807383E+004   0.33065015E+005
   0.24970192E+004   0.63524500E+010   0.34371000E+005   0.54126979E-005   0.34383893E+005   0.33036811E+005   0.35631907E+002   0.12413409E+003   0.11873155E+004   0.33072443E+005
   0.24975193E+004   0.63504500E+010   0.34322000E+005   0.53946229E-005   0.34258283E+005   0.33040095E+005   0.35620689E+002   0.12277104E+003   0.10597967E+004   0.33075715E+005
   0.24980193E+004   0.63478500E+010   0.34085000E+005   0.53758102E-005   0.34124837E+005   0.33039778E+005   0.35606105E+002   0.12148075E+003   0.92797225E+003   0.33075384E+005
   0.24985193E+004   0.63455500E+010   0.33957000E+005   0.53530764E-005   0.33968214E+005   0.33040577E+005   0.35593204E+002   0.12027358E+003   0.77176965E+003   0.33076171E+005
   0.24990193E+004   0.63442500E+010   0.33960000E+005   0.53333464E-005   0.33836083E+005   0.33046171E+005   0.35585912E+002   0.11902426E+003   0.63530110E+003   0.33081757E+005
   0.24995193E+004   0.63439500E+010   0.33682000E+005   0.53127805E-005   0.33704014E+005   0.33056593E+005   0.35584230E+002   0.11799821E+003   0.49383845E+003   0.33092177E+005
   0.25000193E+004   0.63422500E+010   0.33461000E+005   0.52970939E-005   0.33595494E+005   0.33059362E+005   0.35574694E+002   0.11700535E+003   0.38355154E+003   0.33094937E+005
   0.25005193E+004   0.63405500E+010   0.33845000E+005   0.52824380E-005   0.33493563E+005   0.33061796E+005   0.35565158E+002   0.11606740E+003   0.28013364E+003   0.33097362E+005
   0.25010193E+004   0.63388500E+010   0.33519000E+005   0.52724867E-005   0.33421502E+005   0.33063915E+005   0.35555623E+002   0.11518025E+003   0.20685151E+003   0.33099470E+005
   0.25015193E+004   0.63360500E+010   0.33513000E+005   0.52641130E-005   0.33353683E+005   0.33059999E+005   0.35539917E+002   0.11432031E+003   0.14382445E+003   0.33095539E+005
   0.25020193E+004   0.63325500E+010   0.33310000E+005   0.52591300E-005   0.33303703E+005   0.33052147E+005   0.35520285E+002   0.11349176E+003   0.10254457E+003   0.33087667E+005
   0.25025193E+004   0.63319500E+010   0.33056000E+005   0.52554293E-005   0.33277115E+005   0.33059168E+005   0.35516920E+002   0.11275584E+003   0.69674315E+002   0.33094685E+005
   0.25030193E+004   0.63315500E+010   0.33415000E+005   0.52537112E-005   0.33264135E+005   0.33066991E+005   0.35514676E+002   0.11206097E+003   0.49568522E+002   0.33102506E+005
   0.25035193E+004   0.63292500E+010   0.32965000E+005   0.52527294E-005   0.33245837E+005   0.33064660E+005   0.35501775E+002   0.11128832E+003   0.34387544E+002   0.33100162E+005
   0.25040193E+004   0.63278500E+010   0.32964000E+005   0.52527800E-005   0.33238804E+005   0.33066811E+005   0.35493922E+002   0.11095173E+003   0.25547121E+002   0.33102305E+005
   0.25045193E+004   0.63247500E+010   0.32903000E+005   0.52532267E-005   0.33225346E+005   0.33059869E+005   0.35476534E+002   0.11089737E+003   0.19102915E+002   0.33095345E+005
   0.25050193E+004   0.63208500E+010   0.33085000E+005   0.52540664E-005   0.33210166E+005   0.33048543E+005   0.35454658E+002   0.11082899E+003   0.15338763E+002   0.33083998E+005
   0.25055193E+004   0.63170500E+010   0.32881000E+005   0.52550364E-005   0.33196328E+005   0.33037548E+005   0.35433343E+002   0.11076236E+003   0.12584401E+002   0.33072981E+005
   0.25060193E+004   0.63147500E+010   0.32803000E+005   0.52561248E-005   0.33191114E+005   0.33034217E+005   0.35420442E+002   0.11072204E+003   0.10754030E+002   0.33069638E+005
   0.25070194E+004   0.63085500E+010   0.33125000E+005   0.52584603E-005   0.33173260E+005   0.33018684E+005   0.35385665E+002   0.11061333E+003   0.85770721E+001   0.33054070E+005
   0.25080194E+004   0.63042500E+010   0.33035000E+005   0.52608360E-005   0.33165625E+005   0.33012479E+005   0.35361546E+002   0.11053793E+003   0.72471326E+001   0.33047840E+005
   0.25090193E+004   0.63003500E+010   0.32799000E+005   0.52631843E-005   0.33159903E+005   0.33007815E+005   0.35339670E+002   0.11046955E+003   0.62794348E+001   0.33043154E+005
   0.25100194E+004   0.62963500E+010   0.33132000E+005   0.52654904E-005   0.33153371E+005   0.33002125E+005   0.35317234E+002   0.11039941E+003   0.55286233E+001   0.33037443E+005
   0.25110194E+004   0.62922500E+010   0.32843000E+005   0.52677513E-005   0.33146008E+005   0.32995452E+005   0.35294236E+002   0.11032752E+003   0.49340270E+001   0.33030746E+005
   0.25120194E+004   0.62880500E+010   0.33075000E+005   0.52699627E-005   0.33137789E+005   0.32987834E+005   0.35270678E+002   0.11025388E+003   0.44310372E+001   0.33023104E+005
   0.25130194E+004   0.62823500E+010   0.33304000E+005   0.52721285E-005   0.33121356E+005   0.32971957E+005   0.35238705E+002   0.11015394E+003   0.40069607E+001   0.33007195E+005
   0.25140194E+004   0.62789500E+010   0.33252000E+005   0.52742557E-005   0.33116788E+005   0.32967793E+005   0.35219634E+002   0.11009432E+003   0.36811565E+001   0.33003013E+005
   0.25150194E+004   0.62750500E+010   0.33381000E+005   0.52763578E-005   0.33109409E+005   0.32960678E+005   0.35197758E+002   0.11002594E+003   0.35073573E+001   0.32995876E+005
   0.25160194E+004   0.62725500E+010   0.33238000E+005   0.52784188E-005   0.33109146E+005   0.32960617E+005   0.35183736E+002   0.10998211E+003   0.33635921E+001   0.32995800E+005
   0.25170194E+004   0.62678500E+010   0.33248000E+005   0.52804428E-005   0.33097023E+005   0.32948716E+005   0.35157372E+002   0.10989970E+003   0.32503117E+001   0.32983873E+005
   0.25180194E+004   0.62687500E+010   0.33395000E+005   0.52824368E-005   0.33114276E+005   0.32966000E+005   0.35162421E+002   0.10991548E+003   0.31972673E+001   0.33001163E+005
   0.25190194E+004   0.62681500E+010   0.33483000E+005   0.52844194E-005   0.33123534E+005   0.32975171E+005   0.35159055E+002   0.10990496E+003   0.32991028E+001   0.33010330E+005
   0.25200194E+004   0.62662500E+010   0.33577000E+005   0.52864418E-005   0.33126166E+005   0.32977285E+005   0.35148398E+002   0.10987164E+003   0.38608437E+001   0.33012433E+005
   0.25210194E+004   0.62687500E+010   0.33418000E+005   0.52886377E-005   0.33153148E+005   0.33002360E+005   0.35162421E+002   0.10991548E+003   0.57100591E+001   0.33037522E+005
   0.25220194E+004   0.62718500E+010   0.33484000E+005   0.52913206E-005   0.33186369E+005   0.33030420E+005   0.35179809E+002   0.10996983E+003   0.10798775E+002   0.33065600E+005
   0.25230195E+004   0.62771500E+010   0.33568000E+005   0.52951340E-005   0.33238351E+005   0.33069911E+005   0.35209538E+002   0.11006276E+003   0.23166803E+002   0.33105121E+005
   0.25240195E+004   0.62776500E+010   0.33503000E+005   0.53012195E-005   0.33279201E+005   0.33083964E+005   0.35212342E+002   0.11007153E+003   0.49952425E+002   0.33119177E+005
   0.25250195E+004   0.62762500E+010   0.33651000E+005   0.53112688E-005   0.33334851E+005   0.33087851E+005   0.35204489E+002   0.11004698E+003   0.10174818E+003   0.33123056E+005
   0.25260195E+004   0.62741500E+010   0.33770000E+005   0.53272488E-005   0.33423958E+005   0.33087901E+005   0.35192710E+002   0.11001016E+003   0.19085456E+003   0.33123094E+005
   0.25270195E+004   0.62759500E+010   0.33692000E+005   0.53506383E-005   0.33580339E+005   0.33108384E+005   0.35202807E+002   0.11004172E+003   0.32671017E+003   0.33143587E+005
   0.25280195E+004   0.62761500E+010   0.33793000E+005   0.53812619E-005   0.33773607E+005   0.33120305E+005   0.35203929E+002   0.11004523E+003   0.50805266E+003   0.33155509E+005
   0.25290195E+004   0.62761500E+010   0.33597000E+005   0.54162252E-005   0.33993042E+005   0.33131053E+005   0.35203929E+002   0.11004523E+003   0.71673942E+003   0.33166257E+005
   0.25300195E+004   0.62775500E+010   0.33964000E+005   0.54497838E-005   0.34211290E+005   0.33149083E+005   0.35211781E+002   0.11006978E+003   0.91692512E+003   0.33184295E+005
   0.25310195E+004   0.62785500E+010   0.34071000E+005   0.54747176E-005   0.34373288E+005   0.33164901E+005   0.35217390E+002   0.11008731E+003   0.10630828E+004   0.33200118E+005
   0.25320195E+004   0.62773500E+010   0.33799000E+005   0.54849295E-005   0.34430822E+005   0.33168997E+005   0.35210660E+002   0.11006627E+003   0.11165486E+004   0.33204208E+005
   0.25330196E+004   0.62750500E+010   0.33965000E+005   0.54780273E-005   0.34374895E+005   0.33167181E+005   0.35197758E+002   0.11002594E+003   0.10624902E+004   0.33202379E+005
   0.25340195E+004   0.62773500E+010   0.33791000E+005   0.54564049E-005   0.34251763E+005   0.33189590E+005   0.35210660E+002   0.11006627E+003   0.91689591E+003   0.33224801E+005
   0.25350196E+004   0.62758500E+010   0.33746000E+005   0.54261611E-005   0.34053773E+005   0.33191826E+005   0.35202246E+002   0.11003997E+003   0.71670516E+003   0.33227028E+005
   0.25360195E+004   0.62748500E+010   0.33842000E+005   0.53945174E-005   0.33849788E+005   0.33196621E+005   0.35196637E+002   0.11002243E+003   0.50794743E+003   0.33231818E+005
   0.25370196E+004   0.62752500E+010   0.33835000E+005   0.53672202E-005   0.33680649E+005   0.33208747E+005   0.35198880E+002   0.11002945E+003   0.32667373E+003   0.33243946E+005
   0.25380196E+004   0.62768500E+010   0.33831000E+005   0.53471654E-005   0.33563355E+005   0.33227153E+005   0.35207855E+002   0.11005750E+003   0.19093669E+003   0.33262361E+005
   0.25390196E+004   0.62740500E+010   0.34305000E+005   0.53345304E-005   0.33469111E+005   0.33222198E+005   0.35192149E+002   0.11000841E+003   0.10171251E+003   0.33257390E+005
   0.25400196E+004   0.62720500E+010   0.33618000E+005   0.53278348E-005   0.33416446E+005   0.33221405E+005   0.35180931E+002   0.10997334E+003   0.49886508E+002   0.33256586E+005
   0.25410196E+004   0.62699500E+010   0.33892000E+005   0.53251126E-005   0.33388190E+005   0.33220014E+005   0.35169152E+002   0.10993652E+003   0.23069664E+002   0.33255184E+005
   0.25420196E+004   0.62707500E+010   0.33924000E+005   0.53246772E-005   0.33389720E+005   0.33233928E+005   0.35173639E+002   0.10995054E+003   0.10667695E+002   0.33269101E+005
   0.25430196E+004   0.62704500E+010   0.33830000E+005   0.53253901E-005   0.33392592E+005   0.33241955E+005   0.35171956E+002   0.10994528E+003   0.55198795E+001   0.33277127E+005
   0.25440196E+004   0.62670500E+010   0.33294000E+005   0.53266091E-005   0.33382126E+005   0.33233488E+005   0.35152885E+002   0.10988567E+003   0.35989436E+001   0.33268641E+005
   0.25450196E+004   0.62656500E+010   0.33516000E+005   0.53280233E-005   0.33383529E+005   0.33235568E+005   0.35145032E+002   0.10986112E+003   0.29549016E+001   0.33270713E+005
   0.25460196E+004   0.62644500E+010   0.33305000E+005   0.53295013E-005   0.33386394E+005   0.33238656E+005   0.35138301E+002   0.10984008E+003   0.27599933E+001   0.33273794E+005
   0.25470196E+004   0.62618500E+010   0.33568000E+005   0.53309943E-005   0.33381886E+005   0.33234262E+005   0.35123718E+002   0.10979449E+003   0.27059172E+001   0.33269386E+005
   0.25480197E+004   0.62562500E+010   0.33041000E+005   0.53324864E-005   0.33361368E+005   0.33213889E+005   0.35092306E+002   0.10969630E+003   0.26904957E+001   0.33248982E+005
   0.25490197E+004   0.62559500E+010   0.33384000E+005   0.53339733E-005   0.33369070E+005   0.33221601E+005   0.35090623E+002   0.10969104E+003   0.26874810E+001   0.33256692E+005
