Energy, I_inc, I_ab, f_ratio, Restored_Spectrum, step, wl, low, high
   0.24400188E+004   0.63913500E+010   0.14200000E+003   0.16966549E-007   0.10843915E+003  -0.82251516E+002   0.00000000E+000   0.19065876E+003   0.31909648E-001  -0.82251516E+002
   0.24410188E+004   0.63917500E+010   0.14600000E+003   0.18830072E-007   0.12035711E+003  -0.70356921E+002   0.00000000E+000   0.19067069E+003   0.43340889E-001  -0.70356921E+002
   0.24420188E+004   0.63896500E+010   0.18200000E+003   0.20737655E-007   0.13250636E+003  -0.58160359E+002   0.00000000E+000   0.19060805E+003   0.58671837E-001  -0.58160359E+002
   0.24430189E+004   0.63889500E+010   0.16100000E+003   0.22693535E-007   0.14498786E+003  -0.45679973E+002   0.00000000E+000   0.19058717E+003   0.80668458E-001  -0.45679973E+002
   0.24440189E+004   0.63896500E+010   0.16900000E+003   0.24701736E-007   0.15783545E+003  -0.32881010E+002   0.00000000E+000   0.19060805E+003   0.10841126E+000  -0.32881010E+002
   0.24450189E+004   0.63908500E+010   0.18800000E+003   0.26767664E-007   0.17106812E+003  -0.19720956E+002   0.00000000E+000   0.19064384E+003   0.14523570E+000  -0.19720956E+002
   0.24460189E+004   0.63871500E+010   0.20800000E+003   0.28897649E-007   0.18457362E+003  -0.61567344E+001   0.00000000E+000   0.19053347E+003   0.19688307E+000  -0.61567344E+001
   0.24470189E+004   0.63869500E+010   0.19000000E+003   0.31097409E-007   0.19861759E+003   0.78284873E+001   0.00000000E+000   0.19052750E+003   0.26160221E+000   0.78284873E+001
   0.24480189E+004   0.63886500E+010   0.22100000E+003   0.33379953E-007   0.21325284E+003   0.22297876E+002   0.00000000E+000   0.19057822E+003   0.37674549E+000   0.22297876E+002
   0.24490189E+004   0.63891500E+010   0.24900000E+003   0.35746932E-007   0.22839251E+003   0.37296108E+002   0.00000000E+000   0.19059313E+003   0.50327076E+000   0.37296108E+002
   0.24500189E+004   0.63909500E+010   0.24200000E+003   0.38210719E-007   0.24420279E+003   0.52895212E+002   0.00000000E+000   0.19064683E+003   0.66075374E+000   0.52895212E+002
   0.24510189E+004   0.63919500E+010   0.28900000E+003   0.40783963E-007   0.26068905E+003   0.69148241E+002   0.00000000E+000   0.19067666E+003   0.86415615E+000   0.69148241E+002
   0.24520189E+004   0.63930500E+010   0.29200000E+003   0.43483036E-007   0.27798922E+003   0.86140902E+002   0.00000000E+000   0.19070947E+003   0.11388509E+001   0.86140902E+002
   0.24530189E+004   0.63930500E+010   0.30600000E+003   0.46320772E-007   0.29613101E+003   0.10394487E+003   0.00000000E+000   0.19070947E+003   0.14766700E+001   0.10394487E+003
   0.24540189E+004   0.63960500E+010   0.29400000E+003   0.49318424E-007   0.31544310E+003   0.12273599E+003   0.00000000E+000   0.19079896E+003   0.19081532E+001   0.12273599E+003
   0.24550189E+004   0.63987500E+010   0.35100000E+003   0.52567136E-007   0.33636396E+003   0.14259408E+003   0.00000000E+000   0.19128851E+003   0.24813699E+001   0.14259408E+003
   0.24560189E+004   0.64003500E+010   0.38100000E+003   0.58631785E-007   0.37526395E+003   0.16364762E+003   0.00000000E+000   0.20843791E+003   0.31784117E+001   0.16364762E+003
   0.24570189E+004   0.64008500E+010   0.43000000E+003   0.65804353E-007   0.42120379E+003   0.18606470E+003   0.00000000E+000   0.23077286E+003   0.43662300E+001   0.18606470E+003
   0.24580190E+004   0.64023500E+010   0.47700000E+003   0.73854359E-007   0.47284146E+003   0.21012030E+003   0.00000000E+000   0.25713027E+003   0.55908864E+001   0.21012030E+003
   0.24590190E+004   0.64037500E+010   0.54900000E+003   0.83407665E-007   0.53412183E+003   0.23604901E+003   0.00000000E+000   0.29100884E+003   0.70639862E+001   0.23604901E+003
   0.24600190E+004   0.64033500E+010   0.59900000E+003   0.94772172E-007   0.60685939E+003   0.26410574E+003   0.00000000E+000   0.33386768E+003   0.88859696E+001   0.26410574E+003
   0.24610190E+004   0.64028500E+010   0.69900000E+003   0.10824312E-006   0.69306448E+003   0.29475103E+003   0.00000000E+000   0.38718214E+003   0.11131309E+002   0.29475103E+003
   0.24620190E+004   0.64013500E+010   0.76900000E+003   0.12539901E-006   0.80272297E+003   0.32844836E+003   0.00000000E+000   0.46028306E+003   0.13991548E+002   0.32844836E+003
   0.24630190E+004   0.63988500E+010   0.91800000E+003   0.14687187E-006   0.93981107E+003   0.36583304E+003   0.00000000E+000   0.55660917E+003   0.17368857E+002   0.36583304E+003
   0.24640190E+004   0.63955500E+010   0.11160000E+004   0.17650935E-006   0.11288744E+004   0.40774989E+003   0.22488731E-007   0.69965604E+003   0.21468466E+002   0.40774989E+003
   0.24650190E+004   0.63947500E+010   0.12800000E+004   0.21793480E-006   0.13936386E+004   0.45554151E+003   0.13255293E-005   0.91146679E+003   0.26630285E+002   0.45554152E+003
   0.24652190E+004   0.63944500E+010   0.14610000E+004   0.22929175E-006   0.14661946E+004   0.46590344E+003   0.27997724E-005   0.97191602E+003   0.28375163E+002   0.46590344E+003
   0.24654190E+004   0.63931500E+010   0.14530000E+004   0.24140314E-006   0.15433265E+004   0.47649355E+003   0.59399601E-005   0.10363960E+004   0.30436959E+002   0.47649356E+003
   0.24656190E+004   0.63923500E+010   0.15600000E+004   0.25285781E-006   0.16163556E+004   0.48743668E+003   0.14321262E-004   0.10984831E+004   0.30435895E+002   0.48743670E+003
   0.24658190E+004   0.63909500E+010   0.17170000E+004   0.26796216E-006   0.17125328E+004   0.49866348E+003   0.29354426E-004   0.11812373E+004   0.32632017E+002   0.49866351E+003
   0.24660190E+004   0.63901500E+010   0.17500000E+004   0.28418888E-006   0.18160096E+004   0.51028964E+003   0.59499564E-004   0.12709925E+004   0.34727368E+002   0.51028970E+003
   0.24662190E+004   0.63892500E+010   0.18770000E+004   0.30199914E-006   0.19295480E+004   0.52227768E+003   0.11913040E-003   0.13722931E+004   0.34977094E+002   0.52227780E+003
   0.24664190E+004   0.63885500E+010   0.19860000E+004   0.32059694E-006   0.20481496E+004   0.53467561E+003   0.23548876E-003   0.14762709E+004   0.37202861E+002   0.53467585E+003
   0.24666190E+004   0.63889500E+010   0.21270000E+004   0.34290262E-006   0.21907877E+004   0.54757789E+003   0.45968388E-003   0.16059926E+004   0.37216702E+002   0.54757835E+003
   0.24668190E+004   0.63881500E+010   0.22280000E+004   0.36864283E-006   0.23549457E+004   0.56081611E+003   0.88603010E-003   0.17542782E+004   0.39850543E+002   0.56081700E+003
   0.24670190E+004   0.63871500E+010   0.23310000E+004   0.39526314E-006   0.25246050E+004   0.57449827E+003   0.16863847E-002   0.19077384E+004   0.42366638E+002   0.57449996E+003
   0.24672190E+004   0.63855500E+010   0.26420000E+004   0.42824633E-006   0.27345883E+004   0.58861377E+003   0.31692414E-002   0.21033077E+004   0.42663735E+002   0.58861694E+003
   0.24674190E+004   0.63867500E+010   0.26690000E+004   0.46633175E-006   0.29783443E+004   0.60350948E+003   0.58838871E-002   0.23294714E+004   0.45357576E+002   0.60351537E+003
   0.24676191E+004   0.63856500E+010   0.28190000E+004   0.51008437E-006   0.32572203E+004   0.61874724E+003   0.10783194E-001   0.25899593E+004   0.48502973E+002   0.61875802E+003
   0.24678190E+004   0.63852500E+010   0.32310000E+004   0.55550282E-006   0.35470244E+004   0.63463628E+003   0.19516829E-001   0.28638145E+004   0.48554089E+002   0.63465580E+003
   0.24680190E+004   0.63849500E+010   0.34880000E+004   0.61253366E-006   0.39109968E+004   0.65116241E+003   0.34882342E-001   0.32078588E+004   0.51940689E+002   0.65119730E+003
   0.24682191E+004   0.63866500E+010   0.37320000E+004   0.67736224E-006   0.43260755E+004   0.66857105E+003   0.61583864E-001   0.36054265E+004   0.52016375E+002   0.66863264E+003
   0.24684190E+004   0.63898500E+010   0.40660000E+004   0.74693542E-006   0.47728053E+004   0.68686244E+003   0.10738879E+000   0.40301552E+004   0.55680284E+002   0.68696983E+003
   0.24686190E+004   0.63936500E+010   0.46260000E+004   0.83216167E-006   0.53205504E+004   0.70600460E+003   0.18493574E+000   0.45552129E+004   0.59148051E+002   0.70618953E+003
   0.24688190E+004   0.63960500E+010   0.50800000E+004   0.92989581E-006   0.59476601E+004   0.72583633E+003   0.31442457E+000   0.51617524E+004   0.59756915E+002   0.72615076E+003
   0.24690190E+004   0.63954500E+010   0.57320000E+004   0.10495981E-005   0.67126521E+004   0.74620937E+003   0.58432290E+000   0.59024222E+004   0.63436245E+002   0.74679370E+003
   0.24692190E+004   0.63957500E+010   0.64920000E+004   0.11714622E-005   0.74923792E+004   0.76763801E+003   0.96598290E+000   0.66563129E+004   0.67462299E+002   0.76860400E+003
   0.24694191E+004   0.63950500E+010   0.74810000E+004   0.13319591E-005   0.85179453E+004   0.78996417E+003   0.15766925E+001   0.76581323E+004   0.68272179E+002   0.79154086E+003
   0.24696190E+004   0.63943500E+010   0.89270000E+004   0.15507465E-005   0.99160157E+004   0.81337813E+003   0.25412856E+001   0.90275775E+004   0.72518805E+002   0.81591942E+003
   0.24698191E+004   0.63937500E+010   0.10473000E+005   0.18026244E-005   0.11525530E+005   0.83799201E+003   0.40447868E+001   0.10609920E+005   0.73572955E+002   0.84203680E+003
   0.24700191E+004   0.63921500E+010   0.12905000E+005   0.21814765E-005   0.13944325E+005   0.86375036E+003   0.63562180E+001   0.12996022E+005   0.78196673E+002   0.87010658E+003
   0.24702191E+004   0.63914500E+010   0.15850000E+005   0.26926982E-005   0.17210246E+005   0.89101370E+003   0.98648841E+001   0.16225393E+005   0.83973840E+002   0.90087858E+003
   0.24704190E+004   0.63914500E+010   0.20190000E+005   0.33884547E-005   0.21657139E+005   0.91987870E+003   0.15120344E+002   0.20637425E+005   0.84714739E+002   0.93499905E+003
   0.24706190E+004   0.63916500E+010   0.25624000E+005   0.42621380E-005   0.27242095E+005   0.95043017E+003   0.22886208E+002   0.26177544E+005   0.91234583E+002   0.97331638E+003
   0.24708191E+004   0.63913500E+010   0.32404000E+005   0.52441028E-005   0.33516896E+005   0.98270941E+003   0.34204321E+002   0.32402783E+005   0.97199937E+002   0.10169137E+004
   0.24710191E+004   0.63907500E+010   0.39079000E+005   0.63835895E-005   0.40795924E+005   0.10169123E+004   0.50477360E+002   0.39628742E+005   0.99792546E+002   0.10673897E+004
   0.24712191E+004   0.63908500E+010   0.46203000E+005   0.73611492E-005   0.47044000E+005   0.10533926E+004   0.73567971E+002   0.45809588E+005   0.10745193E+003   0.11269606E+004
   0.24714191E+004   0.63911500E+010   0.51213000E+005   0.82004331E-005   0.52410198E+005   0.10922977E+004   0.10588231E+003   0.51101895E+005   0.11012279E+003   0.11981800E+004
   0.24716191E+004   0.63906500E+010   0.54490000E+005   0.87184013E-005   0.55716252E+005   0.11337054E+004   0.15046401E+003   0.54312900E+005   0.11918208E+003   0.12841694E+004
   0.24718191E+004   0.63901500E+010   0.55903000E+005   0.88426275E-005   0.56505716E+005   0.11780348E+004   0.21114012E+003   0.54988086E+005   0.12845574E+003   0.13891749E+004
   0.24720190E+004   0.63900500E+010   0.54384000E+005   0.86721514E-005   0.55415481E+005   0.12256926E+004   0.29259371E+003   0.53763472E+005   0.13372282E+003   0.15182863E+004
   0.24722191E+004   0.63893500E+010   0.52537000E+005   0.82818259E-005   0.52915484E+005   0.12768825E+004   0.40035693E+003   0.51094400E+005   0.14384477E+003   0.16772395E+004
   0.24724191E+004   0.63896500E+010   0.50246000E+005   0.78774693E-005   0.50334272E+005   0.13323419E+004   0.54103654E+003   0.48308895E+005   0.15199841E+003   0.18733784E+004
   0.24726191E+004   0.63892500E+010   0.48175000E+005   0.75140605E-005   0.48009211E+005   0.13922571E+004   0.76363919E+003   0.45685994E+005   0.16732051E+003   0.21558963E+004
   0.24728191E+004   0.63881500E+010   0.47355000E+005   0.73887734E-005   0.47200593E+005   0.14572325E+004   0.10035428E+004   0.44558050E+005   0.18176794E+003   0.24607753E+004
   0.24730191E+004   0.63890500E+010   0.47621000E+005   0.73670669E-005   0.47068559E+005   0.15285789E+004   0.13027122E+004   0.44042938E+005   0.19433002E+003   0.28312911E+004
   0.24732191E+004   0.63893500E+010   0.48537000E+005   0.74174507E-005   0.47392688E+005   0.16065847E+004   0.16697413E+004   0.43904512E+005   0.21185032E+003   0.32763260E+004
   0.24734191E+004   0.63895500E+010   0.48724000E+005   0.74209780E-005   0.47416710E+005   0.16924120E+004   0.21133529E+004   0.43374831E+005   0.23611484E+003   0.38057649E+004
   0.24736191E+004   0.63895500E+010   0.47856000E+005   0.72856254E-005   0.46551868E+005   0.17872578E+004   0.26412540E+004   0.41873112E+005   0.25024413E+003   0.44285118E+004
   0.24738191E+004   0.63888500E+010   0.46008000E+005   0.69949247E-005   0.44689525E+005   0.18924591E+004   0.32593399E+004   0.39257023E+005   0.28070261E+003   0.51517991E+004
   0.24740191E+004   0.63883500E+010   0.43875000E+005   0.65857865E-005   0.42072309E+005   0.20101851E+004   0.39718391E+004   0.35790996E+005   0.29928861E+003   0.59820242E+004
   0.24742191E+004   0.63877500E+010   0.40977000E+005   0.61341347E-005   0.39183319E+005   0.21426197E+004   0.47794262E+004   0.31923744E+005   0.33752851E+003   0.69220459E+004
   0.24744191E+004   0.63882500E+010   0.38488000E+005   0.57313462E-005   0.36613272E+005   0.22931864E+004   0.56801994E+004   0.28257415E+005   0.38247143E+003   0.79733858E+004
   0.24746191E+004   0.63881500E+010   0.36692000E+005   0.54054077E-005   0.34530555E+005   0.24650344E+004   0.66656042E+004   0.24990315E+005   0.40960102E+003   0.91306386E+004
   0.24748191E+004   0.63891500E+010   0.35339000E+005   0.51653225E-005   0.33002020E+005   0.26636753E+004   0.77253677E+004   0.22148476E+005   0.46450098E+003   0.10389043E+005
   0.24750191E+004   0.63887500E+010   0.33895000E+005   0.50070696E-005   0.31988916E+005   0.28944651E+004   0.88395986E+004   0.19745301E+005   0.50955114E+003   0.11734064E+005
   0.24752191E+004   0.63884500E+010   0.33056000E+005   0.49255643E-005   0.31466721E+005   0.31664855E+004   0.99880715E+004   0.17743754E+005   0.56841020E+003   0.13154557E+005
   0.24754191E+004   0.63889500E+010   0.32766000E+005   0.48697822E-005   0.31112795E+005   0.34916539E+004   0.11145872E+005   0.15852107E+005   0.62316229E+003   0.14637526E+005
   0.24756191E+004   0.63893500E+010   0.31951000E+005   0.48671616E-005   0.31097999E+005   0.38854717E+004   0.12281985E+005   0.14233314E+005   0.69722819E+003   0.16167457E+005
   0.24758191E+004   0.63895500E+010   0.32273000E+005   0.48937731E-005   0.31269008E+005   0.43701843E+004   0.13364060E+005   0.12741997E+005   0.79276667E+003   0.17734244E+005
   0.24760191E+004   0.63888500E+010   0.32242000E+005   0.49103747E-005   0.31371648E+005   0.49769044E+004   0.14357406E+005   0.11171746E+005   0.86559054E+003   0.19334311E+005
   0.24762191E+004   0.63883500E+010   0.32419000E+005   0.50203011E-005   0.32071441E+005   0.57514209E+004   0.15390133E+005   0.99594470E+004   0.97043950E+003   0.21141554E+005
   0.24764191E+004   0.63872500E+010   0.33133000E+005   0.51184259E-005   0.32692666E+005   0.67557161E+004   0.16081123E+005   0.87988594E+004   0.10569675E+004   0.22836839E+005
   0.24766191E+004   0.63868500E+010   0.33996000E+005   0.52393108E-005   0.33462692E+005   0.80719334E+004   0.16594604E+005   0.76013711E+004   0.11947839E+004   0.24666537E+005
   0.24768191E+004   0.63864500E+010   0.35383000E+005   0.54302389E-005   0.34679949E+005   0.97789537E+004   0.16910105E+005   0.67046399E+004   0.12862505E+004   0.26689059E+005
   0.24770191E+004   0.63869500E+010   0.36614000E+005   0.56736068E-005   0.36237043E+005   0.11897211E+005   0.17018287E+005   0.58727868E+004   0.14487577E+004   0.28915498E+005
   0.24772191E+004   0.63868500E+010   0.37687000E+005   0.59323674E-005   0.37889141E+005   0.14281461E+005   0.16911164E+005   0.51395079E+004   0.15570069E+004   0.31192626E+005
   0.24774191E+004   0.63865500E+010   0.39111000E+005   0.61687352E-005   0.39396936E+005   0.16628844E+005   0.16593824E+005   0.44309669E+004   0.17433007E+004   0.33222668E+005
   0.24776191E+004   0.63862500E+010   0.40404000E+005   0.63524037E-005   0.40568038E+005   0.18659483E+005   0.16078605E+005   0.38815468E+004   0.19484034E+004   0.34738088E+005
   0.24778191E+004   0.63870500E+010   0.40890000E+005   0.64440351E-005   0.41158375E+005   0.20278077E+005   0.15387001E+005   0.34077774E+004   0.20855189E+004   0.35665078E+005
   0.24780191E+004   0.63877500E+010   0.41028000E+005   0.64694261E-005   0.41325076E+005   0.21520438E+005   0.14540580E+005   0.29451781E+004   0.23188809E+004   0.36061017E+005
   0.24782191E+004   0.63879500E+010   0.41566000E+005   0.64406965E-005   0.41142847E+005   0.22469295E+005   0.13567642E+005   0.26179637E+004   0.24879470E+004   0.36036937E+005
   0.24784191E+004   0.63874500E+010   0.40884000E+005   0.63811341E-005   0.40759175E+005   0.23200601E+005   0.12499952E+005   0.23251190E+004   0.27335032E+004   0.35700553E+005
   0.24786191E+004   0.63873500E+010   0.40748000E+005   0.62802552E-005   0.40114188E+005   0.23776877E+005   0.11372827E+005   0.20437877E+004   0.29206963E+004   0.35149704E+005
   0.24788191E+004   0.63876500E+010   0.39697000E+005   0.61833635E-005   0.39497162E+005   0.24240001E+005   0.10218441E+005   0.18451830E+004   0.31935371E+004   0.34458442E+005
   0.24790191E+004   0.63875500E+010   0.39054000E+005   0.60808258E-005   0.38841579E+005   0.24616276E+005   0.90657251E+004   0.16665380E+004   0.34930395E+004   0.33682001E+005
   0.24792191E+004   0.63875500E+010   0.38707000E+005   0.59608307E-005   0.38075104E+005   0.24928268E+005   0.79424811E+004   0.14952994E+004   0.37090557E+004   0.32870749E+005
   0.24794191E+004   0.63885500E+010   0.38220000E+005   0.58614542E-005   0.37446193E+005   0.25194338E+005   0.68723731E+004   0.13666899E+004   0.40127921E+004   0.32066711E+005
   0.24796191E+004   0.63889500E+010   0.37295000E+005   0.57590844E-005   0.36794502E+005   0.25418986E+005   0.58714504E+004   0.12618253E+004   0.42422406E+004   0.31290436E+005
   0.24798191E+004   0.63896500E+010   0.37179000E+005   0.56543061E-005   0.36129037E+005   0.25613713E+005   0.47808478E+004   0.11540739E+004   0.45804019E+004   0.30394561E+005
   0.24800191E+004   0.63899500E+010   0.36809000E+005   0.55754696E-005   0.35626972E+005   0.25781744E+005   0.39728339E+004   0.10716622E+004   0.48007319E+004   0.29754578E+005
   0.24802191E+004   0.63898500E+010   0.36403000E+005   0.55312152E-005   0.35343635E+005   0.25927545E+005   0.32598501E+004   0.10050475E+004   0.51511933E+004   0.29187395E+005
   0.24804191E+004   0.63905500E+010   0.35799000E+005   0.54792363E-005   0.35015333E+005   0.26059576E+005   0.26416674E+004   0.94156256E+003   0.53725273E+004   0.28701244E+005
   0.24806191E+004   0.63910500E+010   0.35535000E+005   0.54601207E-005   0.34895905E+005   0.26176605E+005   0.21138490E+004   0.87912036E+003   0.57263298E+004   0.28290454E+005
   0.24808191E+004   0.63915500E+010   0.35586000E+005   0.54535326E-005   0.34856526E+005   0.26281608E+005   0.16703162E+004   0.82907266E+003   0.60755291E+004   0.27951924E+005
   0.24810191E+004   0.63922500E+010   0.35519000E+005   0.54390806E-005   0.34767963E+005   0.26377245E+005   0.13033647E+004   0.78735842E+003   0.62999943E+004   0.27680610E+005
   0.24812192E+004   0.63917500E+010   0.35662000E+005   0.54512803E-005   0.34843221E+005   0.26459157E+005   0.10041084E+004   0.74203011E+003   0.66379253E+004   0.27463265E+005
   0.24814191E+004   0.63918500E+010   0.36069000E+005   0.54523582E-005   0.34850656E+005   0.26535947E+005   0.76394994E+003   0.70487299E+003   0.68458857E+004   0.27299897E+005
   0.24816191E+004   0.63912500E+010   0.35756000E+005   0.54784947E-005   0.35014429E+005   0.26603252E+005   0.57389253E+003   0.67353657E+003   0.71637483E+004   0.27177144E+005
   0.24818191E+004   0.63910500E+010   0.36152000E+005   0.54942163E-005   0.35113811E+005   0.26666446E+005   0.42574773E+003   0.63915850E+003   0.73824587E+004   0.27092194E+005
   0.24820192E+004   0.63909500E+010   0.36041000E+005   0.55234427E-005   0.35300046E+005   0.26724982E+005   0.31189601E+003   0.61044017E+003   0.76527277E+004   0.27036878E+005
   0.24822192E+004   0.63911500E+010   0.36503000E+005   0.55570417E-005   0.35515887E+005   0.26780290E+005   0.22564027E+003   0.58391473E+003   0.79260423E+004   0.27005930E+005
   0.24824192E+004   0.63905500E+010   0.36236000E+005   0.55776855E-005   0.35644478E+005   0.26828258E+005   0.16117510E+003   0.55911424E+003   0.80959306E+004   0.26989433E+005
   0.24826192E+004   0.63909500E+010   0.37083000E+005   0.56069514E-005   0.35833746E+005   0.26876870E+005   0.11370411E+003   0.53631379E+003   0.83068583E+004   0.26990574E+005
   0.24828191E+004   0.63908500E+010   0.37031000E+005   0.56289257E-005   0.35973620E+005   0.26920198E+005   0.79204401E+002   0.51503196E+003   0.84591855E+004   0.26999402E+005
   0.24830191E+004   0.63903500E+010   0.36890000E+005   0.56533050E-005   0.36126597E+005   0.26958974E+005   0.54478382E+002   0.49512340E+003   0.86180211E+004   0.27013453E+005
   0.24832192E+004   0.63897500E+010   0.37749000E+005   0.56728173E-005   0.36247885E+005   0.26994749E+005   0.34195758E+002   0.47652126E+003   0.87424189E+004   0.27028944E+005
   0.24834192E+004   0.63882500E+010   0.37265000E+005   0.56920505E-005   0.36362242E+005   0.27024361E+005   0.22874034E+002   0.45902644E+003   0.88559806E+004   0.27047235E+005
   0.24836191E+004   0.63874500E+010   0.37711000E+005   0.57041672E-005   0.36435083E+005   0.27054798E+005   0.15110881E+002   0.44265630E+003   0.89225176E+004   0.27069909E+005
   0.24838192E+004   0.63864500E+010   0.37177000E+005   0.57179031E-005   0.36517102E+005   0.27082452E+005   0.98571669E+001   0.42731891E+003   0.89974737E+004   0.27092310E+005
   0.24840191E+004   0.63852500E+010   0.37336000E+005   0.57273279E-005   0.36570420E+005   0.27107474E+005   0.63493568E+001   0.41281322E+003   0.90437837E+004   0.27113823E+005
   0.24842192E+004   0.63858500E+010   0.37323000E+005   0.57305642E-005   0.36594523E+005   0.27138524E+005   0.40397892E+001   0.39925229E+003   0.90527078E+004   0.27142563E+005
   0.24844192E+004   0.63864500E+010   0.37013000E+005   0.57284372E-005   0.36584377E+005   0.27168093E+005   0.25381459E+001   0.38654691E+003   0.90271996E+004   0.27170631E+005
   0.24846192E+004   0.63884500E+010   0.36912000E+005   0.57263186E-005   0.36582300E+005   0.27202261E+005   0.15750653E+001   0.37453142E+003   0.90039327E+004   0.27203836E+005
   0.24848191E+004   0.63912500E+010   0.37341000E+005   0.57196089E-005   0.36555450E+005   0.27238587E+005   0.96530324E+000   0.36320732E+003   0.89526905E+004   0.27239552E+005
   0.24850192E+004   0.63936500E+010   0.37017000E+005   0.57167953E-005   0.36551188E+005   0.27272068E+005   0.58415844E+000   0.35155479E+003   0.89269815E+004   0.27272652E+005
   0.24855192E+004   0.63930500E+010   0.36367000E+005   0.56696287E-005   0.36246220E+005   0.27323077E+005   0.14904422E+000   0.32730609E+003   0.85956877E+004   0.27323226E+005
   0.24860192E+004   0.63935500E+010   0.36722000E+005   0.56283404E-005   0.35985076E+005   0.27373153E+005   0.39172112E-001   0.30595286E+003   0.83059313E+004   0.27373192E+005
   0.24865192E+004   0.63928500E+010   0.36492000E+005   0.55535720E-005   0.35503153E+005   0.27413354E+005   0.84845744E-002   0.28634456E+003   0.78034455E+004   0.27413363E+005
   0.24870192E+004   0.63908500E+010   0.36209000E+005   0.54996396E-005   0.35147372E+005   0.27443946E+005   0.16873616E-002   0.26875827E+003   0.74346653E+004   0.27443948E+005
   0.24875192E+004   0.63897500E+010   0.35411000E+005   0.54348447E-005   0.34727299E+005   0.27474951E+005   0.35237186E-003   0.25367188E+003   0.69986756E+004   0.27474952E+005
   0.24880192E+004   0.63885500E+010   0.35333000E+005   0.53698276E-005   0.34305412E+005   0.27502547E+005   0.59484666E-004   0.24008915E+003   0.65627755E+004   0.27502547E+005
   0.24885192E+004   0.63876500E+010   0.34494000E+005   0.53212727E-005   0.33990427E+005   0.27528855E+005   0.92383147E-005   0.22697278E+003   0.62346002E+004   0.27528855E+005
   0.24890192E+004   0.63862500E+010   0.34361000E+005   0.52711418E-005   0.33662829E+005   0.27550749E+005   0.15231603E-005   0.21591686E+003   0.58961637E+004   0.27550749E+005
   0.24895192E+004   0.63857500E+010   0.34566000E+005   0.52450245E-005   0.33493415E+005   0.27574545E+005   0.20338885E-006   0.20749352E+003   0.57113772E+004   0.27574545E+005
   0.24900192E+004   0.63825500E+010   0.33778000E+005   0.52316122E-005   0.33391027E+005   0.27584920E+005   0.26586861E-007   0.20329610E+003   0.56028105E+004   0.27584920E+005
   0.24905192E+004   0.63798500E+010   0.33728000E+005   0.52164453E-005   0.33280138E+005   0.27595888E+005   0.00000000E+000   0.19976349E+003   0.54844869E+004   0.27595888E+005
   0.24910192E+004   0.63776500E+010   0.33688000E+005   0.52224051E-005   0.33306672E+005   0.27607621E+005   0.00000000E+000   0.19654808E+003   0.55025028E+004   0.27607621E+005
   0.24915192E+004   0.63759500E+010   0.33679000E+005   0.52274657E-005   0.33330060E+005   0.27620271E+005   0.00000000E+000   0.19361490E+003   0.55161739E+004   0.27620271E+005
   0.24920192E+004   0.63729500E+010   0.33695000E+005   0.52452460E-005   0.33427691E+005   0.27626163E+005   0.00000000E+000   0.19068560E+003   0.56108424E+004   0.27626163E+005
   0.24925192E+004   0.63704500E+010   0.34036000E+005   0.52622166E-005   0.33522688E+005   0.27633205E+005   0.00000000E+000   0.19003530E+003   0.56994476E+004   0.27633205E+005
   0.24930192E+004   0.63681500E+010   0.34099000E+005   0.52914921E-005   0.33697015E+005   0.27640194E+005   0.00000000E+000   0.18996669E+003   0.58668544E+004   0.27640194E+005
   0.24935193E+004   0.63653500E+010   0.34376000E+005   0.53068397E-005   0.33779892E+005   0.27644177E+005   0.00000000E+000   0.18988316E+003   0.59458318E+004   0.27644177E+005
   0.24940192E+004   0.63637500E+010   0.34406000E+005   0.53279033E-005   0.33905445E+005   0.27652609E+005   0.00000000E+000   0.18983543E+003   0.60629999E+004   0.27652609E+005
   0.24945192E+004   0.63630500E+010   0.34454000E+005   0.53383667E-005   0.33968295E+005   0.27664262E+005   0.00000000E+000   0.18981455E+003   0.61142176E+004   0.27664262E+005
   0.24950192E+004   0.63602500E+010   0.34509000E+005   0.53504176E-005   0.34029994E+005   0.27666150E+005   0.00000000E+000   0.18973102E+003   0.61741126E+004   0.27666150E+005
   0.24955192E+004   0.63583500E+010   0.34546000E+005   0.53525362E-005   0.34033299E+005   0.27671367E+005   0.00000000E+000   0.18967434E+003   0.61722573E+004   0.27671367E+005
   0.24960193E+004   0.63559500E+010   0.34158000E+005   0.53559540E-005   0.34042176E+005   0.27673869E+005   0.00000000E+000   0.18960275E+003   0.61787044E+004   0.27673869E+005
   0.24965193E+004   0.63537500E+010   0.34576000E+005   0.53549327E-005   0.34023904E+005   0.27676743E+005   0.00000000E+000   0.18953712E+003   0.61576233E+004   0.27676743E+005
   0.24970192E+004   0.63524500E+010   0.34371000E+005   0.53381604E-005   0.33910397E+005   0.27683079E+005   0.00000000E+000   0.18949834E+003   0.60378195E+004   0.27683079E+005
   0.24975193E+004   0.63504500E+010   0.34322000E+005   0.53290212E-005   0.33841682E+005   0.27685941E+005   0.00000000E+000   0.18943868E+003   0.59663026E+004   0.27685941E+005
   0.24980193E+004   0.63478500E+010   0.34085000E+005   0.53033933E-005   0.33665145E+005   0.27685790E+005   0.00000000E+000   0.18936112E+003   0.57899938E+004   0.27685790E+005
   0.24985193E+004   0.63455500E+010   0.33957000E+005   0.52884306E-005   0.33558001E+005   0.27686580E+005   0.00000000E+000   0.18929251E+003   0.56821287E+004   0.27686580E+005
   0.24990193E+004   0.63442500E+010   0.33960000E+005   0.52610615E-005   0.33377490E+005   0.27691390E+005   0.00000000E+000   0.18925373E+003   0.54968462E+004   0.27691390E+005
   0.24995193E+004   0.63439500E+010   0.33682000E+005   0.52432645E-005   0.33263008E+005   0.27700249E+005   0.00000000E+000   0.18924478E+003   0.53735143E+004   0.27700249E+005
   0.25000193E+004   0.63422500E+010   0.33461000E+005   0.52109251E-005   0.33048990E+005   0.27702698E+005   0.00000000E+000   0.18919407E+003   0.51570976E+004   0.27702698E+005
   0.25005193E+004   0.63405500E+010   0.33845000E+005   0.51929853E-005   0.32926383E+005   0.27704870E+005   0.00000000E+000   0.18914336E+003   0.50323702E+004   0.27704870E+005
   0.25010193E+004   0.63388500E+010   0.33519000E+005   0.51674977E-005   0.32755993E+005   0.27706779E+005   0.00000000E+000   0.18909264E+003   0.48601214E+004   0.27706779E+005
   0.25015193E+004   0.63360500E+010   0.33513000E+005   0.51466641E-005   0.32609521E+005   0.27703634E+005   0.00000000E+000   0.18900912E+003   0.47168784E+004   0.27703634E+005
   0.25020193E+004   0.63325500E+010   0.33310000E+005   0.51250346E-005   0.32454538E+005   0.27697193E+005   0.00000000E+000   0.18890471E+003   0.45684403E+004   0.27697193E+005
   0.25025193E+004   0.63319500E+010   0.33056000E+005   0.51130105E-005   0.32375327E+005   0.27703217E+005   0.00000000E+000   0.18888681E+003   0.44832234E+004   0.27703217E+005
   0.25030193E+004   0.63315500E+010   0.33415000E+005   0.50967566E-005   0.32270370E+005   0.27709914E+005   0.00000000E+000   0.18887488E+003   0.43715803E+004   0.27709914E+005
   0.25035193E+004   0.63292500E+010   0.32965000E+005   0.50849075E-005   0.32183651E+005   0.27708105E+005   0.00000000E+000   0.18880627E+003   0.42867398E+004   0.27708105E+005
   0.25040193E+004   0.63278500E+010   0.32964000E+005   0.50742500E-005   0.32109093E+005   0.27710053E+005   0.00000000E+000   0.18876451E+003   0.42102759E+004   0.27710053E+005
   0.25045193E+004   0.63247500E+010   0.32903000E+005   0.50671688E-005   0.32048576E+005   0.27704382E+005   0.00000000E+000   0.18867203E+003   0.41555220E+004   0.27704382E+005
   0.25050193E+004   0.63208500E+010   0.33085000E+005   0.50617060E-005   0.31994284E+005   0.27695039E+005   0.00000000E+000   0.18855569E+003   0.41106901E+004   0.27695039E+005
   0.25055193E+004   0.63170500E+010   0.32881000E+005   0.50673403E-005   0.32010642E+005   0.27685973E+005   0.00000000E+000   0.18844233E+003   0.41362264E+004   0.27685973E+005
   0.25060193E+004   0.63147500E+010   0.32803000E+005   0.50637614E-005   0.31976387E+005   0.27683332E+005   0.00000000E+000   0.18837372E+003   0.41046813E+004   0.27683332E+005
   0.25070194E+004   0.63085500E+010   0.33125000E+005   0.50667480E-005   0.31963833E+005   0.27670618E+005   0.00000000E+000   0.18818877E+003   0.41050263E+004   0.27670618E+005
   0.25080194E+004   0.63042500E+010   0.33035000E+005   0.50743940E-005   0.31990248E+005   0.27665724E+005   0.00000000E+000   0.18806050E+003   0.41364639E+004   0.27665724E+005
   0.25090193E+004   0.63003500E+010   0.32799000E+005   0.50921240E-005   0.32082163E+005   0.27662125E+005   0.00000000E+000   0.18794416E+003   0.42320947E+004   0.27662125E+005
   0.25100194E+004   0.62963500E+010   0.33132000E+005   0.51038219E-005   0.32135449E+005   0.27657668E+005   0.00000000E+000   0.18782484E+003   0.42899559E+004   0.27657668E+005
   0.25110194E+004   0.62922500E+010   0.32843000E+005   0.51157765E-005   0.32189745E+005   0.27652389E+005   0.00000000E+000   0.18770253E+003   0.43496526E+004   0.27652389E+005
   0.25120194E+004   0.62880500E+010   0.33075000E+005   0.51357048E-005   0.32293568E+005   0.27646320E+005   0.00000000E+000   0.18757724E+003   0.44596708E+004   0.27646320E+005
   0.25130194E+004   0.62823500E+010   0.33304000E+005   0.51468458E-005   0.32334287E+005   0.27633332E+005   0.00000000E+000   0.18740721E+003   0.45135480E+004   0.27633332E+005
   0.25140194E+004   0.62789500E+010   0.33252000E+005   0.51569796E-005   0.32380417E+005   0.27630161E+005   0.00000000E+000   0.18730578E+003   0.45629506E+004   0.27630161E+005
   0.25150194E+004   0.62750500E+010   0.33381000E+005   0.51752550E-005   0.32474984E+005   0.27624517E+005   0.00000000E+000   0.18718944E+003   0.46632771E+004   0.27624517E+005
   0.25160194E+004   0.62725500E+010   0.33238000E+005   0.51834237E-005   0.32513284E+005   0.27624787E+005   0.00000000E+000   0.18711487E+003   0.47013823E+004   0.27624787E+005
   0.25170194E+004   0.62678500E+010   0.33248000E+005   0.51905402E-005   0.32533527E+005   0.27615135E+005   0.00000000E+000   0.18697466E+003   0.47314177E+004   0.27615135E+005
   0.25180194E+004   0.62687500E+010   0.33395000E+005   0.52065679E-005   0.32638673E+005   0.27629945E+005   0.00000000E+000   0.18700151E+003   0.48217265E+004   0.27629945E+005
   0.25190194E+004   0.62681500E+010   0.33483000E+005   0.52063814E-005   0.32634380E+005   0.27637954E+005   0.00000000E+000   0.18698361E+003   0.48094415E+004   0.27637954E+005
   0.25200194E+004   0.62662500E+010   0.33577000E+005   0.52107772E-005   0.32652032E+005   0.27640051E+005   0.00000000E+000   0.18692693E+003   0.48250542E+004   0.27640051E+005
   0.25210194E+004   0.62687500E+010   0.33418000E+005   0.52145921E-005   0.32688974E+005   0.27661393E+005   0.00000000E+000   0.18700151E+003   0.48405795E+004   0.27661393E+005
   0.25220194E+004   0.62718500E+010   0.33484000E+005   0.52280221E-005   0.32789370E+005   0.27685239E+005   0.00000000E+000   0.18709398E+003   0.49170374E+004   0.27685239E+005
   0.25230195E+004   0.62771500E+010   0.33568000E+005   0.52309488E-005   0.32835450E+005   0.27718667E+005   0.00000000E+000   0.18725209E+003   0.49295316E+004   0.27718667E+005
   0.25240195E+004   0.62776500E+010   0.33503000E+005   0.52335699E-005   0.32854520E+005   0.27730773E+005   0.00000000E+000   0.18726700E+003   0.49364796E+004   0.27730773E+005
   0.25250195E+004   0.62762500E+010   0.33651000E+005   0.52456301E-005   0.32922886E+005   0.27734360E+005   0.00000000E+000   0.18722524E+003   0.50013009E+004   0.27734360E+005
   0.25260195E+004   0.62741500E+010   0.33770000E+005   0.52476517E-005   0.32924554E+005   0.27734729E+005   0.00000000E+000   0.18716260E+003   0.50026619E+004   0.27734729E+005
   0.25270195E+004   0.62759500E+010   0.33692000E+005   0.52495251E-005   0.32945757E+005   0.27752228E+005   0.00000000E+000   0.18721629E+003   0.50063131E+004   0.27752228E+005
   0.25280195E+004   0.62761500E+010   0.33793000E+005   0.52542301E-005   0.32976336E+005   0.27762550E+005   0.00000000E+000   0.18722226E+003   0.50265646E+004   0.27762550E+005
   0.25290195E+004   0.62761500E+010   0.33597000E+005   0.52557470E-005   0.32985857E+005   0.27771889E+005   0.00000000E+000   0.18722226E+003   0.50267459E+004   0.27771889E+005
   0.25300195E+004   0.62775500E+010   0.33964000E+005   0.52571604E-005   0.33002087E+005   0.27787332E+005   0.00000000E+000   0.18726402E+003   0.50274910E+004   0.27787332E+005
   0.25310195E+004   0.62785500E+010   0.34071000E+005   0.52656099E-005   0.33060395E+005   0.27800921E+005   0.00000000E+000   0.18729385E+003   0.50721799E+004   0.27800921E+005
   0.25320195E+004   0.62773500E+010   0.33799000E+005   0.52662270E-005   0.33057950E+005   0.27804685E+005   0.00000000E+000   0.18725805E+003   0.50660063E+004   0.27804685E+005
   0.25330196E+004   0.62750500E+010   0.33965000E+005   0.52666183E-005   0.33048293E+005   0.27803494E+005   0.00000000E+000   0.18718944E+003   0.50576093E+004   0.27803494E+005
   0.25340195E+004   0.62773500E+010   0.33791000E+005   0.52718767E-005   0.33093415E+005   0.27822610E+005   0.00000000E+000   0.18725805E+003   0.50835471E+004   0.27822610E+005
   0.25350196E+004   0.62758500E+010   0.33746000E+005   0.52710139E-005   0.33080093E+005   0.27824815E+005   0.00000000E+000   0.18721331E+003   0.50680644E+004   0.27824815E+005
   0.25360195E+004   0.62748500E+010   0.33842000E+005   0.52697304E-005   0.33066768E+005   0.27829166E+005   0.00000000E+000   0.18718348E+003   0.50504184E+004   0.27829166E+005
   0.25370196E+004   0.62752500E+010   0.33835000E+005   0.52676758E-005   0.33055983E+005   0.27839662E+005   0.00000000E+000   0.18719541E+003   0.50291250E+004   0.27839662E+005
   0.25380196E+004   0.62768500E+010   0.33831000E+005   0.52649231E-005   0.33047132E+005   0.27855424E+005   0.00000000E+000   0.18724314E+003   0.50044650E+004   0.27855424E+005
   0.25390196E+004   0.62740500E+010   0.34305000E+005   0.52615314E-005   0.33011111E+005   0.27851601E+005   0.00000000E+000   0.18715961E+003   0.49723505E+004   0.27851601E+005
   0.25400196E+004   0.62720500E+010   0.33618000E+005   0.52574407E-005   0.32974931E+005   0.27851268E+005   0.00000000E+000   0.18709995E+003   0.49365631E+004   0.27851268E+005
   0.25410196E+004   0.62699500E+010   0.33892000E+005   0.52520348E-005   0.32929996E+005   0.27850433E+005   0.00000000E+000   0.18703731E+003   0.48925250E+004   0.27850433E+005
   0.25420196E+004   0.62707500E+010   0.33924000E+005   0.52456409E-005   0.32894103E+005   0.27862429E+005   0.00000000E+000   0.18706117E+003   0.48446126E+004   0.27862429E+005
   0.25430196E+004   0.62704500E+010   0.33830000E+005   0.52384078E-005   0.32847174E+005   0.27869490E+005   0.00000000E+000   0.18705222E+003   0.47906314E+004   0.27869490E+005
   0.25440196E+004   0.62670500E+010   0.33294000E+005   0.52271847E-005   0.32759028E+005   0.27862723E+005   0.00000000E+000   0.18695080E+003   0.47093538E+004   0.27862723E+005
   0.25450196E+004   0.62656500E+010   0.33516000E+005   0.52174945E-005   0.32690994E+005   0.27864799E+005   0.00000000E+000   0.18690903E+003   0.46392868E+004   0.27864799E+005
   0.25460196E+004   0.62644500E+010   0.33305000E+005   0.52059464E-005   0.32612391E+005   0.27867719E+005   0.00000000E+000   0.18687324E+003   0.45577992E+004   0.27867719E+005
   0.25470196E+004   0.62618500E+010   0.33568000E+005   0.51891803E-005   0.32493869E+005   0.27864366E+005   0.00000000E+000   0.18679568E+003   0.44427071E+004   0.27864366E+005
   0.25480197E+004   0.62562500E+010   0.33041000E+005   0.51763856E-005   0.32384762E+005   0.27847616E+005   0.00000000E+000   0.18662862E+003   0.43505178E+004   0.27847616E+005
   0.25490197E+004   0.62559500E+010   0.33384000E+005   0.51627659E-005   0.32298005E+005   0.27854412E+005   0.00000000E+000   0.18661968E+003   0.42569731E+004   0.27854412E+005
