    2000   50.00   70.00   80.00   90.00   70.00   80.00   70.00  100.00  100.00  100.00   80.00   90.00   90.00   80.00   70.00   90.00   90.00   50.00   60.00
    4000   10.00   60.00   70.00   90.00   90.00   90.00  100.00  100.00  100.00  100.00  100.00   90.00   90.00   90.00   90.00   90.00   80.00   70.00   50.00
    6000    0.00   20.00   50.00   50.00   90.00   80.00   80.00   90.00   90.00   80.00  100.00   80.00   60.00   40.00   60.00   30.00   80.00   70.00   50.00
    8000    0.00   30.00   10.00   60.00   80.00   40.00   80.00   60.00   50.00   80.00   50.00   60.00   70.00   80.00   50.00   80.00   40.00   50.00   90.00
   10000    0.00   40.00   50.00    0.00   30.00   60.00   50.00   90.00   70.00   80.00  100.00   60.00   90.00   40.00   90.00   50.00   40.00   80.00   50.00
   12000    0.00   40.00   20.00   60.00   20.00   50.00   80.00   80.00   80.00   80.00   60.00  100.00   60.00   80.00   50.00   50.00   60.00   60.00   70.00
   14000    0.00   40.00   50.00   70.00   10.00   80.00   70.00   60.00  100.00   60.00   70.00   60.00   90.00   60.00   60.00   40.00   60.00   60.00   80.00
   16000    0.00   50.00   20.00   70.00   90.00   60.00   60.00   50.00   40.00   80.00   70.00   60.00   90.00   60.00   90.00   60.00   70.00   60.00   10.00
   18000    0.00   30.00   40.00   20.00   60.00   50.00   80.00   80.00   70.00   30.00   80.00   80.00   40.00  100.00   90.00   80.00   60.00   30.00    0.00
   20000    0.00    0.00   30.00   50.00   60.00   40.00   60.00   60.00   80.00   70.00   90.00   70.00   70.00   90.00   50.00   70.00   90.00   40.00    0.00
   22000   10.00    0.00   40.00   50.00   50.00   60.00   30.00   70.00  100.00   90.00   70.00   70.00   60.00   70.00   60.00   70.00   40.00    0.00    0.00
   24000    0.00   20.00   30.00   60.00   40.00   60.00   40.00   50.00   70.00   70.00   40.00   80.00   80.00   50.00   50.00   40.00   30.00   30.00   60.00
   26000    0.00   10.00   20.00   50.00   10.00   70.00   50.00   90.00   70.00   70.00   50.00   90.00   70.00   70.00   70.00   40.00   20.00   50.00   40.00
   28000    0.00   50.00   50.00   50.00   40.00   90.00   80.00   50.00   40.00   90.00   90.00   60.00   90.00   70.00   60.00   70.00    0.00   50.00   20.00
   30000    0.00   70.00    0.00   60.00   10.00   80.00   50.00   90.00   60.00   60.00   80.00   20.00   90.00   90.00   80.00   10.00   40.00   50.00   60.00
   32000    0.00   80.00   30.00   90.00   60.00   50.00   60.00   50.00   80.00   40.00   40.00   80.00   70.00   60.00   60.00   20.00   30.00   40.00   70.00
   34000    0.00   70.00   50.00   60.00   40.00   10.00   90.00   70.00   60.00   50.00   50.00   40.00   90.00   60.00   90.00    0.00   70.00   80.00   80.00
   36000    0.00   50.00   60.00   30.00   50.00   40.00   60.00   80.00   60.00   30.00   70.00   80.00   60.00   60.00   20.00   50.00   40.00   60.00   70.00
   38000    0.00   30.00   40.00   60.00   40.00   50.00   50.00   80.00   70.00   40.00   50.00   60.00   60.00   70.00   10.00   80.00   80.00   90.00   30.00
   40000    0.00   30.00   60.00   30.00   60.00   60.00   30.00   50.00   80.00   60.00   70.00   70.00   70.00   80.00    0.00   80.00   70.00   80.00   60.00
   42000    0.00   40.00   70.00   20.00   80.00   40.00   60.00   60.00   70.00   90.00   80.00   70.00   50.00   80.00   30.00   30.00   60.00   50.00   70.00
   44000    0.00   30.00   50.00   60.00   90.00   50.00   80.00   50.00   50.00  100.00   30.00   70.00   80.00   90.00   60.00    0.00   80.00   40.00   70.00
   46000    0.00   40.00   60.00   80.00   60.00   70.00   30.00   80.00   70.00   80.00   80.00  100.00   80.00   30.00   40.00   80.00   60.00   10.00   60.00
   48000    0.00   80.00   70.00   60.00   40.00   60.00   90.00   20.00   80.00   60.00   50.00   80.00   70.00   70.00   60.00   50.00   50.00   70.00   80.00
   50000    0.00   50.00   80.00   50.00   50.00   60.00   30.00   60.00   80.00   80.00   80.00   90.00   50.00   60.00   70.00    0.00   70.00   40.00   50.00
   52000    0.00   50.00    0.00   70.00   40.00   70.00   30.00   50.00   80.00   80.00   70.00   60.00   70.00   50.00   70.00   20.00   80.00   40.00   40.00
   54000    0.00   60.00   70.00   20.00   50.00   60.00   20.00   80.00   70.00   50.00   70.00   60.00  100.00   60.00   80.00   60.00   20.00   60.00   20.00
   56000   10.00    0.00   80.00   70.00   40.00   90.00   60.00   80.00   40.00   60.00   60.00   60.00   70.00   50.00   60.00   20.00   80.00   70.00   10.00
   58000   30.00   20.00   70.00   40.00   50.00   70.00   60.00   60.00   70.00   70.00   70.00   60.00   40.00   70.00   60.00   40.00   20.00   30.00   50.00
   60000   20.00   50.00   60.00   30.00   50.00   70.00   80.00  100.00   80.00   70.00   50.00   60.00   70.00   60.00   60.00   40.00   60.00   50.00   60.00
   62000   20.00   20.00   70.00   20.00   40.00   70.00   70.00   60.00   90.00   60.00   70.00   40.00   20.00   50.00   60.00   50.00   70.00   10.00   70.00
   64000   20.00   70.00   60.00   50.00   50.00   60.00   60.00   60.00   80.00   60.00   90.00   30.00   80.00   70.00   50.00   40.00   40.00   80.00   50.00
   66000   30.00   30.00   60.00   60.00   50.00   90.00   60.00   30.00   70.00   50.00   50.00   60.00   70.00   40.00   40.00   60.00   60.00   50.00   70.00
   68000    0.00   30.00   70.00   50.00   50.00   90.00   60.00   70.00   60.00   40.00   90.00   50.00   70.00   80.00   20.00   40.00   80.00   80.00   70.00
   70000    0.00   30.00   90.00   50.00   60.00   90.00   50.00   70.00   60.00   50.00   80.00   40.00   80.00   50.00   20.00   80.00   40.00   30.00   60.00
   72000   40.00   40.00   50.00   60.00   50.00   90.00   10.00   80.00   80.00   60.00   80.00   90.00   60.00   50.00   50.00   20.00   70.00   80.00   70.00
   74000   10.00   70.00   20.00   50.00   50.00   60.00  100.00   80.00   40.00   60.00   70.00   30.00   50.00   80.00   20.00   80.00   30.00   90.00   90.00
   76000   20.00   20.00   60.00   30.00   40.00   40.00   60.00   80.00   60.00   50.00   70.00   80.00   50.00   20.00   60.00   50.00   50.00   80.00   70.00
   78000   20.00   50.00   60.00   30.00   20.00   50.00   50.00   80.00   70.00   80.00   60.00   30.00   80.00   70.00   40.00   60.00   30.00   50.00   90.00
   80000   20.00   50.00   60.00   50.00    0.00   60.00   60.00   80.00   60.00   60.00   60.00   30.00   60.00   60.00   40.00   60.00   90.00   30.00   70.00
   82000   20.00   20.00   60.00   20.00   70.00   70.00   70.00   90.00   90.00   40.00   50.00   80.00   90.00   40.00   30.00   40.00   80.00   20.00   90.00
   84000    0.00   60.00   90.00    0.00   70.00   80.00   80.00   60.00   70.00   80.00   70.00   40.00   70.00   20.00   70.00   50.00   70.00   70.00   90.00
   86000    0.00   70.00   60.00   40.00   30.00   80.00   50.00   80.00   90.00   50.00   60.00   50.00   60.00   30.00   50.00   20.00   60.00   60.00   70.00
   88000   30.00   50.00   60.00   50.00   80.00   70.00   50.00   70.00   50.00   70.00   80.00   60.00   70.00   40.00   80.00   40.00   60.00   60.00   50.00
   90000   20.00   10.00   50.00   30.00   50.00   80.00   50.00   70.00   70.00   70.00   90.00   40.00   70.00   80.00   30.00   40.00   50.00   40.00   70.00
   92000   10.00   30.00   70.00   20.00   70.00   90.00   60.00   60.00   90.00   80.00   70.00   40.00   50.00   30.00   40.00   50.00   60.00   80.00   40.00
   94000    0.00   80.00   70.00   40.00   60.00   80.00   30.00   80.00   90.00   50.00   80.00   40.00   50.00   50.00   40.00   30.00   80.00   40.00   20.00
   96000    0.00   60.00   80.00   30.00   50.00   50.00   40.00   70.00  100.00   90.00   80.00   20.00   60.00   60.00    0.00   70.00   50.00   60.00    0.00
   98000    0.00   60.00   60.00   20.00   60.00   80.00   70.00   80.00   80.00   60.00   70.00   50.00   60.00   60.00   30.00   50.00   60.00   50.00   20.00
  100000    0.00   60.00   10.00   30.00   70.00   80.00   50.00   80.00   60.00   80.00   30.00   60.00   50.00   60.00   60.00   30.00   70.00   70.00    0.00
  102000   20.00   60.00   40.00   20.00   70.00   70.00   80.00   60.00   70.00   80.00   70.00   30.00   60.00   40.00   60.00   20.00   50.00   60.00   20.00
  104000    0.00   40.00   60.00    0.00   50.00  100.00   50.00   80.00  100.00   70.00   80.00   50.00   90.00   50.00   20.00   60.00   50.00   40.00   30.00
  106000    0.00   30.00   60.00   40.00   80.00   70.00   60.00   70.00   80.00   50.00   20.00   70.00   40.00   40.00   50.00   50.00   50.00   60.00   20.00
  108000   20.00   30.00   30.00   60.00   40.00   70.00   80.00   90.00   80.00   70.00   70.00   70.00   70.00   50.00   40.00   40.00   70.00   50.00   50.00
  110000    0.00   60.00   30.00   20.00   70.00   70.00   50.00   80.00   80.00   70.00   50.00   40.00   70.00   30.00   20.00   40.00   40.00   40.00   30.00
  112000   20.00   30.00   70.00   20.00   60.00   50.00   30.00   80.00   80.00   70.00   90.00   20.00   90.00   60.00   20.00   40.00   90.00   20.00   60.00
  114000   20.00   50.00   60.00   20.00   10.00   90.00   50.00   50.00   80.00   80.00   40.00   70.00   60.00   40.00   20.00   40.00   50.00   20.00    0.00
  116000    0.00   20.00   40.00   40.00   20.00   70.00   50.00   80.00   60.00   60.00   60.00   50.00   70.00   10.00   40.00   70.00   50.00   20.00   60.00
  118000    0.00   20.00   80.00   70.00    0.00   80.00   40.00   80.00   80.00   70.00   80.00   30.00   50.00   80.00   30.00   60.00   50.00   20.00   20.00
  120000    0.00   30.00   50.00   40.00   30.00   80.00   60.00   90.00   90.00   70.00   70.00   60.00   50.00   50.00   30.00   60.00   80.00   50.00   50.00
  122000    0.00   20.00   60.00   30.00   60.00   60.00   80.00   70.00   80.00   90.00   80.00   40.00   80.00   60.00    0.00   30.00   80.00   20.00   40.00
  124000    0.00   40.00   40.00   20.00   70.00   70.00   40.00   90.00   70.00   80.00   80.00   50.00   70.00   70.00   20.00   40.00   60.00   40.00   30.00
  126000    0.00    0.00   50.00   20.00   60.00   60.00   40.00   70.00   40.00   80.00   70.00   40.00   70.00   30.00   40.00   10.00   50.00   70.00   40.00
  128000    0.00   20.00   50.00   40.00   40.00   80.00   60.00   90.00   80.00   60.00   40.00   30.00   80.00   50.00   40.00   30.00   70.00   20.00   20.00
  130000    0.00   70.00   80.00    0.00   60.00   90.00   30.00   70.00   90.00   80.00   60.00   60.00   70.00   50.00   60.00   50.00   30.00   50.00   20.00
  132000    0.00   50.00   40.00   20.00   60.00   70.00   90.00   60.00   90.00   60.00   70.00   40.00   60.00   70.00   20.00   80.00   30.00   40.00    0.00
  134000    0.00   20.00   70.00   10.00   60.00   60.00   40.00   70.00   70.00   50.00   70.00   60.00   50.00   60.00   60.00   30.00   60.00   20.00   20.00
  136000    0.00   40.00   60.00   30.00   60.00   80.00   20.00   60.00   90.00   90.00   40.00   60.00   70.00   70.00   70.00   20.00   50.00   30.00   20.00
  138000    0.00   20.00   60.00   60.00   30.00   80.00   80.00   80.00   70.00   60.00   50.00   60.00   90.00   30.00    0.00   60.00   30.00   40.00   40.00
  140000    0.00   60.00   60.00   40.00   20.00   60.00   50.00   80.00   60.00   70.00   70.00   40.00   30.00   80.00    0.00   80.00   90.00    0.00   20.00
  142000    0.00   60.00   30.00   50.00   50.00   90.00   50.00   70.00   80.00   70.00   30.00   50.00   60.00   70.00   40.00   50.00   40.00   60.00    0.00
  144000   30.00   50.00   50.00   20.00   40.00   80.00   40.00   70.00   70.00   80.00   50.00   80.00   70.00   80.00   20.00   40.00   30.00   70.00   40.00
  146000   10.00   20.00   50.00   40.00   50.00   90.00   60.00   80.00   60.00   60.00   30.00   70.00   90.00   80.00   10.00   70.00   50.00   10.00   20.00
  148000    0.00   20.00   60.00   40.00   40.00   60.00   60.00   60.00   70.00   70.00   90.00   20.00   80.00   60.00   30.00   70.00   40.00   40.00   40.00
  150000    0.00   40.00   40.00   50.00   50.00   70.00   60.00   70.00   40.00   70.00   90.00   30.00   90.00   60.00    0.00   70.00   20.00   60.00    0.00
  152000    0.00   50.00   30.00   50.00   60.00   90.00   50.00   70.00   40.00   50.00   40.00   70.00   50.00   40.00   20.00   50.00   40.00   40.00    0.00
  154000    0.00   10.00   60.00   50.00   80.00   40.00   70.00   70.00   80.00   70.00   70.00   60.00   90.00   40.00   20.00   60.00   50.00   80.00   20.00
  156000    0.00   40.00   60.00   50.00   90.00   60.00   20.00   50.00   80.00   80.00   70.00   60.00   70.00   50.00   40.00   50.00   30.00   80.00   20.00
  158000   20.00    0.00   60.00   20.00   60.00   80.00   80.00   90.00   70.00   60.00   60.00   30.00   50.00   80.00   20.00   30.00   50.00   50.00    0.00
  160000    0.00   20.00   40.00   30.00   50.00   90.00   90.00   90.00   70.00   80.00   70.00   60.00   20.00   50.00   50.00   30.00   80.00   60.00   20.00
  162000    0.00   30.00   20.00   50.00   60.00   50.00   50.00   80.00   80.00   50.00   60.00   70.00   70.00   10.00   10.00   70.00   70.00   80.00    0.00
  164000    0.00   10.00   40.00   60.00   30.00   70.00   40.00   90.00   70.00   60.00   80.00   50.00   80.00   20.00   20.00   40.00   40.00   40.00   20.00
  166000    0.00    0.00   50.00    0.00   40.00   90.00   90.00   80.00   70.00   60.00   80.00   70.00   30.00   50.00   20.00   50.00   70.00   60.00    0.00
  168000    0.00    0.00   50.00   50.00   70.00   60.00   50.00   80.00   90.00   60.00   80.00   60.00   90.00   20.00   40.00   30.00   50.00   80.00    0.00
  170000    0.00   30.00   20.00   80.00   50.00   90.00   70.00   80.00   80.00   60.00   80.00   20.00   60.00   40.00   60.00   30.00   60.00   70.00   20.00
  172000    0.00   30.00   90.00   20.00   50.00   60.00   90.00   50.00   60.00   80.00   50.00   30.00   60.00   70.00   50.00   50.00   80.00   60.00    0.00
  174000    0.00   40.00   20.00   60.00   40.00   70.00   60.00   80.00   90.00   70.00   90.00   30.00   90.00   60.00   30.00   50.00   50.00   70.00   20.00
  176000    0.00   50.00   10.00   70.00   40.00  100.00   40.00   70.00   80.00   20.00   70.00   30.00   70.00   10.00   40.00   70.00   80.00   60.00   40.00
  178000    0.00   60.00   50.00   20.00   80.00   60.00   40.00   60.00   70.00   90.00   40.00   60.00   60.00   40.00   20.00   60.00   40.00   70.00   40.00
  180000    0.00   80.00   40.00   60.00   50.00   70.00   70.00   80.00   50.00   50.00   60.00   70.00   70.00   60.00    0.00   70.00   60.00   70.00    0.00
  182000    0.00   50.00   30.00   40.00   30.00   90.00   50.00   90.00   80.00   50.00   60.00   70.00   80.00   30.00   40.00   70.00   60.00   80.00   20.00
  184000    0.00   70.00   60.00   20.00   40.00   90.00   70.00  100.00   80.00   60.00   40.00   50.00   80.00   60.00    0.00   60.00   70.00   20.00   10.00
  186000    0.00   40.00   70.00   50.00   20.00   60.00   40.00   70.00   80.00   60.00   60.00   30.00   60.00   50.00    0.00   30.00   80.00   80.00   10.00
  188000    0.00   50.00   60.00   30.00   40.00   70.00   50.00   50.00   70.00   50.00   30.00   50.00   70.00    0.00   40.00   80.00   90.00   60.00    0.00
  190000    0.00   40.00   50.00   60.00   10.00   90.00   70.00   90.00   80.00   70.00   80.00   20.00   30.00   50.00    0.00   70.00   90.00   70.00   20.00
