 ==peak position==
 step
   2477.17403600000     
 WL
   0.24768327E+004   0.11827931E-004   0.17576345E+001   0.16899194E+000
 low
           1
   0.24716380E+004   0.97095195E-005   0.71090268E+000   0.27784561E-001
           2
   0.24721706E+004   0.94501722E-005   0.15027251E+001   0.11642127E+001
           3
   0.24734584E+004   0.54872762E-005   0.62226465E+000   0.24370221E+000
           4
   0.24738601E+004   0.14078894E-004   0.16951439E+001   0.51400768E+000
 high
           1
   0.24838741E+004   0.88909211E-005   0.32614225E+001   0.16227025E+000
           2
   0.24949957E+004   0.60927188E-005   0.47553082E+001   0.15221532E-001
           3
   0.25092425E+004   0.11858812E-004   0.15161107E+002   0.13329353E-001
           4
   0.25395603E+004   0.21768154E-004   0.18541124E+002   0.59669576E-001
