  1.093173521800000E-009  3.052806379500001E-010  4.538306548000000E-006
   2477.18934800000        1.47139611150000       1.179483809850000E-005
 -0.351623128200000        1.76451165000000       0.161035161161640     
  9.514766957500000E-006   5.54889773300000       0.712645636600000     
  2.880165378545000E-002  1.173664574950000E-005   5.00866829450000     
   1.55558947400000        1.18426052000000       4.335903405000000E-006
   3.71345865500000       0.592209546850000       0.179440703104100     
  1.408859796600000E-005   3.50667385365000        1.66435277790000     
  0.517743082288250       1.024065563450000E-005   6.62037618750000     
   3.48229886200000       7.677844455744001E-002  8.051093662500000E-006
   17.5130154000000        4.98407515550000       0.930838925346645     
  1.654311280000000E-005   32.8836441800000        13.7228717252500     
  1.569508126458000E-002  3.564041630000000E-005   63.1525310350000     
   18.6407577650000       0.110733440212090     
