Energy, I_inc, I_ab, f_ratio, Restored_Spectrum, step, wl, low, high
   0.24400188E+004   0.63913500E+010   0.14200000E+003   0.20729927E-007   0.13249222E+003  -0.75036216E+002   0.10309892E+002   0.19105123E+003   0.61673112E+001  -0.64726324E+002
   0.24410188E+004   0.63917500E+010   0.14600000E+003   0.22644434E-007   0.14473756E+003  -0.63003135E+002   0.10310537E+002   0.19106319E+003   0.63669678E+001  -0.52692597E+002
   0.24420188E+004   0.63896500E+010   0.18200000E+003   0.24605879E-007   0.15722296E+003  -0.50661405E+002   0.10307150E+002   0.19100041E+003   0.65767967E+001  -0.40354255E+002
   0.24430189E+004   0.63889500E+010   0.16100000E+003   0.26618473E-007   0.17006409E+003  -0.38023833E+002   0.10306021E+002   0.19097949E+003   0.68024136E+001  -0.27717812E+002
   0.24440189E+004   0.63896500E+010   0.16900000E+003   0.28687409E-007   0.18330251E+003  -0.25054623E+002   0.10307150E+002   0.19100041E+003   0.70495639E+001  -0.14747473E+002
   0.24450189E+004   0.63908500E+010   0.18800000E+003   0.30817023E-007   0.19694697E+003  -0.11711196E+002   0.10309086E+002   0.19103628E+003   0.73127975E+001  -0.14021109E+001
   0.24460189E+004   0.63871500E+010   0.20800000E+003   0.33020078E-007   0.21090419E+003   0.20438456E+001   0.10303117E+002   0.19092568E+003   0.76315423E+001   0.12346963E+002
   0.24470189E+004   0.63869500E+010   0.19000000E+003   0.35300419E-007   0.22546201E+003   0.16239279E+002   0.10302795E+002   0.19091971E+003   0.80002300E+001   0.26542074E+002
   0.24480189E+004   0.63886500E+010   0.22100000E+003   0.37666038E-007   0.24063514E+003   0.30938027E+002   0.10305537E+002   0.19097052E+003   0.84210493E+001   0.41243564E+002
   0.24490189E+004   0.63891500E+010   0.24900000E+003   0.40122531E-007   0.25634887E+003   0.46182429E+002   0.10306343E+002   0.19098547E+003   0.88746285E+001   0.56488772E+002
   0.24500189E+004   0.63909500E+010   0.24200000E+003   0.42680987E-007   0.27277206E+003   0.62050024E+002   0.10309247E+002   0.19103927E+003   0.93735115E+001   0.72359271E+002
   0.24510189E+004   0.63919500E+010   0.28900000E+003   0.45354523E-007   0.28990384E+003   0.78593276E+002   0.10310860E+002   0.19106917E+003   0.99305421E+001   0.88904136E+002
   0.24520189E+004   0.63930500E+010   0.29200000E+003   0.48153344E-007   0.30784674E+003   0.95901929E+002   0.10312634E+002   0.19110205E+003   0.10530128E+002   0.10621456E+003
   0.24530189E+004   0.63930500E+010   0.30600000E+003   0.51100855E-007   0.32669032E+003   0.11404897E+003   0.10312634E+002   0.19110205E+003   0.11226671E+002   0.12436160E+003
   0.24540189E+004   0.63960500E+010   0.29400000E+003   0.54214893E-007   0.34676117E+003   0.13322052E+003   0.10317474E+002   0.19119172E+003   0.12031447E+002   0.14353800E+003
   0.24550189E+004   0.63987500E+010   0.35100000E+003   0.57515518E-007   0.36802742E+003   0.15349581E+003   0.10321829E+002   0.19127243E+003   0.12937351E+002   0.16381763E+003
   0.24560189E+004   0.64003500E+010   0.38100000E+003   0.63581177E-007   0.40694179E+003   0.17500716E+003   0.10324410E+002   0.20753388E+003   0.14076340E+002   0.18533157E+003
   0.24570189E+004   0.64008500E+010   0.43000000E+003   0.70808982E-007   0.45323767E+003   0.19792878E+003   0.10325217E+002   0.22966274E+003   0.15320930E+002   0.20825400E+003
   0.24580190E+004   0.64023500E+010   0.47700000E+003   0.79099150E-007   0.50642045E+003   0.22254717E+003   0.11054957E+002   0.25606895E+003   0.16749370E+002   0.23360213E+003
   0.24590190E+004   0.64037500E+010   0.54900000E+003   0.88942800E-007   0.56956746E+003   0.24910434E+003   0.12359839E+002   0.28965056E+003   0.18452722E+002   0.26146417E+003
   0.24600190E+004   0.64033500E+010   0.59900000E+003   0.10059100E-006   0.64411940E+003   0.27786312E+003   0.13909134E+002   0.33160925E+003   0.20737896E+002   0.29177225E+003
   0.24610190E+004   0.64028500E+010   0.69900000E+003   0.11449473E-006   0.73309255E+003   0.30930182E+003   0.15856158E+002   0.38483090E+003   0.23103668E+002   0.32515798E+003
   0.24620190E+004   0.64013500E+010   0.76900000E+003   0.13201592E-006   0.84508012E+003   0.34390004E+003   0.18145864E+002   0.45704250E+003   0.25991721E+002   0.36204590E+003
   0.24630190E+004   0.63988500E+010   0.91800000E+003   0.15452402E-006   0.98877601E+003   0.38231607E+003   0.20978835E+002   0.55613119E+003   0.29349920E+002   0.40329490E+003
   0.24640190E+004   0.63955500E+010   0.11160000E+004   0.18392662E-006   0.11763119E+004   0.42542545E+003   0.24548313E+002   0.69289544E+003   0.33442721E+002   0.44997377E+003
   0.24650190E+004   0.63947500E+010   0.12800000E+004   0.22726047E-006   0.14532739E+004   0.47462092E+003   0.29371202E+002   0.91002783E+003   0.39253951E+002   0.50399212E+003
   0.24652190E+004   0.63944500E+010   0.14610000E+004   0.23819380E-006   0.15231183E+004   0.48529235E+003   0.30465436E+002   0.96785195E+003   0.39508583E+002   0.51575779E+003
   0.24654190E+004   0.63931500E+010   0.14530000E+004   0.24944250E-006   0.15947233E+004   0.49619977E+003   0.31619300E+002   0.10257097E+004   0.41194490E+002   0.52781907E+003
   0.24656190E+004   0.63923500E+010   0.15600000E+004   0.26274034E-006   0.16795282E+004   0.50747312E+003   0.32845333E+002   0.10964239E+004   0.42785881E+002   0.54031845E+003
   0.24658190E+004   0.63909500E+010   0.17170000E+004   0.27778088E-006   0.17752837E+004   0.51904013E+003   0.34143950E+002   0.11786737E+004   0.43425961E+002   0.55318408E+003
   0.24660190E+004   0.63901500E+010   0.17500000E+004   0.29416418E-006   0.18797533E+004   0.53102112E+003   0.35528142E+002   0.12680800E+004   0.45123966E+002   0.56654927E+003
   0.24662190E+004   0.63892500E+010   0.18770000E+004   0.31023965E-006   0.19821987E+004   0.54337702E+003   0.37001773E+002   0.13548569E+004   0.46962913E+002   0.58037880E+003
   0.24664190E+004   0.63885500E+010   0.19860000E+004   0.33096475E-006   0.21143848E+004   0.55615768E+003   0.38575064E+002   0.14721349E+004   0.47517231E+002   0.59473274E+003
   0.24666190E+004   0.63889500E+010   0.21270000E+004   0.35381617E-006   0.22605138E+004   0.56946129E+003   0.40263457E+002   0.16011786E+004   0.49610508E+002   0.60972474E+003
   0.24668190E+004   0.63881500E+010   0.22280000E+004   0.37644874E-006   0.24048110E+004   0.58311260E+003   0.42063717E+002   0.17279211E+004   0.51713621E+002   0.62517631E+003
   0.24670190E+004   0.63871500E+010   0.23310000E+004   0.40628224E-006   0.25949856E+004   0.59722388E+003   0.43994332E+002   0.19013294E+004   0.52438010E+002   0.64121821E+003
   0.24672190E+004   0.63855500E+010   0.26420000E+004   0.43972996E-006   0.28079176E+004   0.61178405E+003   0.46066869E+002   0.20955824E+004   0.54484349E+002   0.65785092E+003
   0.24674190E+004   0.63867500E+010   0.26690000E+004   0.47795129E-006   0.30525554E+004   0.62715357E+003   0.48323595E+002   0.23200875E+004   0.56990687E+002   0.67547717E+003
   0.24676191E+004   0.63856500E+010   0.28190000E+004   0.51761548E-006   0.33053113E+004   0.64287692E+003   0.50747547E+002   0.25539904E+004   0.57696491E+002   0.69362447E+003
   0.24678190E+004   0.63852500E+010   0.32310000E+004   0.56719987E-006   0.36217130E+004   0.65927547E+003   0.53385802E+002   0.28486807E+004   0.60370989E+002   0.71266128E+003
   0.24680190E+004   0.63849500E+010   0.34880000E+004   0.62385916E-006   0.39833095E+004   0.67633437E+003   0.56264225E+002   0.31895473E+004   0.61163599E+002   0.73259859E+003
   0.24682191E+004   0.63866500E+010   0.37320000E+004   0.69192297E-006   0.44190698E+004   0.69430839E+003   0.59438411E+002   0.36013550E+004   0.63968017E+002   0.75374680E+003
   0.24684190E+004   0.63898500E+010   0.40660000E+004   0.75795707E-006   0.48432320E+004   0.71319770E+003   0.62954647E+002   0.40002698E+004   0.66809882E+002   0.77615235E+003
   0.24686190E+004   0.63936500E+010   0.46260000E+004   0.84264524E-006   0.53875787E+004   0.73296896E+003   0.67697002E+002   0.45188446E+004   0.68068224E+002   0.80066597E+003
   0.24688190E+004   0.63960500E+010   0.50800000E+004   0.94555714E-006   0.60478307E+004   0.75345478E+003   0.72175144E+002   0.51510646E+004   0.71136171E+002   0.82562993E+003
   0.24690190E+004   0.63954500E+010   0.57320000E+004   0.10468154E-005   0.66948557E+004   0.77450135E+003   0.77222864E+002   0.57685411E+004   0.74590337E+002   0.85172421E+003
   0.24692190E+004   0.63957500E+010   0.64920000E+004   0.11879724E-005   0.75979743E+004   0.79664247E+003   0.83036011E+002   0.66427215E+004   0.75574367E+002   0.87967849E+003
   0.24694191E+004   0.63950500E+010   0.74810000E+004   0.13508055E-005   0.86384685E+004   0.81971412E+003   0.89795930E+002   0.76493051E+004   0.79653283E+002   0.90951005E+003
   0.24696190E+004   0.63943500E+010   0.89270000E+004   0.15620027E-005   0.99879919E+004   0.84391382E+003   0.97791401E+002   0.89628726E+004   0.83414026E+002   0.94170522E+003
   0.24698191E+004   0.63937500E+010   0.10473000E+005   0.18300412E-005   0.11700826E+005   0.86935787E+003   0.10739689E+003   0.10639052E+005   0.85019052E+002   0.97675476E+003
   0.24700191E+004   0.63921500E+010   0.12905000E+005   0.22177587E-005   0.14176246E+005   0.89598887E+003   0.11909274E+003   0.13071546E+005   0.89618920E+002   0.10150816E+004
   0.24702191E+004   0.63914500E+010   0.15850000E+005   0.27229981E-005   0.17403906E+005   0.92418091E+003   0.13357920E+003   0.16252042E+005   0.94104031E+002   0.10577601E+004
   0.24704190E+004   0.63914500E+010   0.20190000E+005   0.34506672E-005   0.22054767E+005   0.95403438E+003   0.15174008E+003   0.20852241E+005   0.96751855E+002   0.11057745E+004
   0.24706190E+004   0.63916500E+010   0.25624000E+005   0.42796519E-005   0.27354037E+005   0.98563736E+003   0.17472434E+003   0.26091864E+005   0.10181202E+003   0.11603617E+004
   0.24708191E+004   0.63913500E+010   0.32404000E+005   0.53306407E-005   0.34069991E+005   0.10190329E+004   0.20400891E+003   0.32738521E+005   0.10842807E+003   0.12230419E+004
   0.24710191E+004   0.63907500E+010   0.39079000E+005   0.64045588E-005   0.40929934E+005   0.10544246E+004   0.24150428E+003   0.39523464E+005   0.11054149E+003   0.12959289E+004
   0.24712191E+004   0.63908500E+010   0.46203000E+005   0.74413965E-005   0.47556849E+005   0.10921795E+004   0.28965226E+003   0.46056746E+005   0.11827053E+003   0.13818318E+004
   0.24714191E+004   0.63911500E+010   0.51213000E+005   0.82307476E-005   0.52603943E+005   0.11324509E+004   0.35141975E+003   0.50994933E+005   0.12513932E+003   0.14838706E+004
   0.24716191E+004   0.63906500E+010   0.54490000E+005   0.87590665E-005   0.55976128E+005   0.11753202E+004   0.43037153E+003   0.54239797E+005   0.13063926E+003   0.16056917E+004
   0.24718191E+004   0.63901500E+010   0.55903000E+005   0.88899833E-005   0.56808327E+005   0.12212225E+004   0.53086710E+003   0.54916146E+005   0.14009118E+003   0.17520896E+004
   0.24720190E+004   0.63900500E+010   0.54384000E+005   0.86740872E-005   0.55427851E+005   0.12705805E+004   0.65800401E+003   0.53353829E+005   0.14543696E+003   0.19285845E+004
   0.24722191E+004   0.63893500E+010   0.52537000E+005   0.83492985E-005   0.53346591E+005   0.13236067E+004   0.81746462E+003   0.51048052E+005   0.15746730E+003   0.21410713E+004
   0.24724191E+004   0.63896500E+010   0.50246000E+005   0.79133240E-005   0.50563370E+005   0.13810667E+004   0.10158961E+004   0.47997679E+005   0.16872849E+003   0.23969628E+004
   0.24726191E+004   0.63892500E+010   0.48175000E+005   0.76520476E-005   0.48890845E+005   0.14431558E+004   0.12600458E+004   0.46008360E+005   0.17928377E+003   0.27032016E+004
   0.24728191E+004   0.63881500E+010   0.47355000E+005   0.74861373E-005   0.47822568E+005   0.15105028E+004   0.16236117E+004   0.44496151E+005   0.19230204E+003   0.31341145E+004
   0.24730191E+004   0.63890500E+010   0.47621000E+005   0.74983712E-005   0.47907469E+005   0.15844695E+004   0.19945928E+004   0.44117293E+005   0.21111379E+003   0.35790623E+004
   0.24732191E+004   0.63893500E+010   0.48537000E+005   0.75451116E-005   0.48208359E+005   0.16653588E+004   0.24341932E+004   0.43880587E+005   0.22821953E+003   0.40995520E+004
   0.24734191E+004   0.63895500E+010   0.48724000E+005   0.75619873E-005   0.48317696E+005   0.17543801E+004   0.29484187E+004   0.43368615E+005   0.24628236E+003   0.47027988E+004
   0.24736191E+004   0.63895500E+010   0.47856000E+005   0.74227547E-005   0.47428062E+005   0.18527808E+004   0.35415831E+004   0.41759783E+005   0.27391524E+003   0.53943639E+004
   0.24738191E+004   0.63888500E+010   0.46008000E+005   0.71374818E-005   0.45600300E+005   0.19619552E+004   0.42155873E+004   0.39132619E+005   0.29013916E+003   0.61775425E+004
   0.24740191E+004   0.63883500E+010   0.43875000E+005   0.67408693E-005   0.43063032E+005   0.20841631E+004   0.49704734E+004   0.35683838E+005   0.32455754E+003   0.70546365E+004
   0.24742191E+004   0.63877500E+010   0.40977000E+005   0.63262718E-005   0.40410643E+005   0.22216831E+004   0.58023656E+004   0.32034390E+005   0.35220374E+003   0.80240487E+004
   0.24744191E+004   0.63882500E+010   0.38488000E+005   0.59087924E-005   0.37746843E+005   0.23780849E+004   0.67051140E+004   0.28275157E+005   0.38848737E+003   0.90831988E+004
   0.24746191E+004   0.63881500E+010   0.36692000E+005   0.55819693E-005   0.35658457E+005   0.25566604E+004   0.76658211E+004   0.25013501E+005   0.42247483E+003   0.10222482E+005
   0.24748191E+004   0.63891500E+010   0.35339000E+005   0.53454104E-005   0.34152629E+005   0.27631626E+004   0.86711129E+004   0.22243123E+005   0.47522998E+003   0.11434275E+005
   0.24750191E+004   0.63887500E+010   0.33895000E+005   0.51724402E-005   0.33045427E+005   0.30031983E+004   0.96984053E+004   0.19814734E+005   0.52908975E+003   0.12701604E+005
   0.24752191E+004   0.63884500E+010   0.33056000E+005   0.50688998E-005   0.32382413E+005   0.32862620E+004   0.10726753E+005   0.17793247E+005   0.57615138E+003   0.14013015E+005
   0.24754191E+004   0.63889500E+010   0.32766000E+005   0.50113053E-005   0.32016979E+005   0.36248247E+004   0.11731949E+005   0.16009571E+005   0.65063400E+003   0.15356774E+005
   0.24756191E+004   0.63893500E+010   0.31951000E+005   0.49585349E-005   0.31681815E+005   0.40351283E+004   0.12685258E+005   0.14261873E+005   0.69955663E+003   0.16720386E+005
   0.24758191E+004   0.63895500E+010   0.32273000E+005   0.49540452E-005   0.31654119E+005   0.45404908E+004   0.13558517E+005   0.12765171E+005   0.78994095E+003   0.18099008E+005
   0.24760191E+004   0.63888500E+010   0.32242000E+005   0.49371166E-005   0.31542498E+005   0.51735440E+004   0.14322936E+005   0.11195024E+005   0.85099388E+003   0.19496480E+005
   0.24762191E+004   0.63883500E+010   0.32419000E+005   0.49820446E-005   0.31827044E+005   0.59822923E+004   0.14955841E+005   0.99293295E+004   0.95958116E+003   0.20938134E+005
   0.24764191E+004   0.63872500E+010   0.33133000E+005   0.50605156E-005   0.32322778E+005   0.70316381E+004   0.15433950E+005   0.88155876E+004   0.10416025E+004   0.22465588E+005
   0.24766191E+004   0.63868500E+010   0.33996000E+005   0.51555279E-005   0.32927583E+005   0.84071614E+004   0.15743710E+005   0.76157608E+004   0.11609507E+004   0.24150872E+005
   0.24768191E+004   0.63864500E+010   0.35383000E+005   0.53318478E-005   0.34051579E+005   0.10189654E+005   0.15876242E+005   0.66834405E+004   0.13022425E+004   0.26065896E+005
   0.24770191E+004   0.63869500E+010   0.36614000E+005   0.55495472E-005   0.35444680E+005   0.12395910E+005   0.15784635E+005   0.58544469E+004   0.14096890E+004   0.28180544E+005
   0.24772191E+004   0.63868500E+010   0.37687000E+005   0.57915572E-005   0.36989807E+005   0.14867922E+005   0.15509162E+005   0.50472323E+004   0.15654906E+004   0.30377084E+005
   0.24774191E+004   0.63865500E+010   0.39111000E+005   0.60213404E-005   0.38455592E+005   0.17288627E+005   0.15060621E+005   0.44170232E+004   0.16893205E+004   0.32349248E+005
   0.24776191E+004   0.63862500E+010   0.40404000E+005   0.61970089E-005   0.39575648E+005   0.19373699E+005   0.14455157E+005   0.38696200E+004   0.18771721E+004   0.33828856E+005
   0.24778191E+004   0.63870500E+010   0.40890000E+005   0.62793700E-005   0.40106650E+005   0.21031849E+005   0.13715735E+005   0.33505506E+004   0.20085159E+004   0.34747584E+005
   0.24780191E+004   0.63877500E+010   0.41028000E+005   0.63157672E-005   0.40343542E+005   0.22303622E+005   0.12863870E+005   0.29519681E+004   0.22240822E+004   0.35167491E+005
   0.24782191E+004   0.63879500E+010   0.41566000E+005   0.62922192E-005   0.40194382E+005   0.23275052E+005   0.11925625E+005   0.26106627E+004   0.23830420E+004   0.35200677E+005
   0.24784191E+004   0.63874500E+010   0.40884000E+005   0.62377923E-005   0.39843586E+005   0.24024109E+005   0.10928715E+005   0.22810925E+004   0.26096696E+004   0.34952824E+005
   0.24786191E+004   0.63873500E+010   0.40748000E+005   0.61732673E-005   0.39430819E+005   0.24614757E+005   0.99027069E+004   0.20489069E+004   0.28644478E+004   0.34517464E+005
   0.24788191E+004   0.63876500E+010   0.39697000E+005   0.60826289E-005   0.38853705E+005   0.25089744E+005   0.88733876E+004   0.18406899E+004   0.30498836E+004   0.33963131E+005
   0.24790191E+004   0.63875500E+010   0.39054000E+005   0.59953116E-005   0.38295353E+005   0.25475870E+005   0.78629835E+004   0.16411030E+004   0.33153967E+004   0.33338853E+005
   0.24792191E+004   0.63875500E+010   0.38707000E+005   0.59014501E-005   0.37695808E+005   0.25796201E+005   0.68922762E+004   0.14919528E+004   0.35153779E+004   0.32688477E+005
   0.24794191E+004   0.63885500E+010   0.38220000E+005   0.58228842E-005   0.37199787E+005   0.26069539E+005   0.59782739E+004   0.13558383E+004   0.37961358E+004   0.32047812E+005
   0.24796191E+004   0.63889500E+010   0.37295000E+005   0.57422347E-005   0.36686850E+005   0.26300402E+005   0.51314447E+004   0.12467273E+004   0.40082758E+004   0.31431847E+005
   0.24798191E+004   0.63896500E+010   0.37179000E+005   0.56863448E-005   0.36333753E+005   0.26500597E+005   0.43607847E+004   0.11519825E+004   0.43203886E+004   0.30861382E+005
   0.24800191E+004   0.63899500E+010   0.36809000E+005   0.56394252E-005   0.36035645E+005   0.26673390E+005   0.36701725E+004   0.10653752E+004   0.46267071E+004   0.30343563E+005
   0.24802191E+004   0.63898500E+010   0.36403000E+005   0.55914183E-005   0.35728324E+005   0.26823354E+005   0.30607668E+004   0.99507100E+003   0.48491319E+004   0.29884121E+005
   0.24804191E+004   0.63905500E+010   0.35799000E+005   0.55695400E-005   0.35592424E+005   0.26959206E+005   0.25313594E+004   0.93284132E+003   0.51690173E+004   0.29490565E+005
   0.24806191E+004   0.63910500E+010   0.35535000E+005   0.55402394E-005   0.35407947E+005   0.27079643E+005   0.20774360E+004   0.87159461E+003   0.53792741E+004   0.29157079E+005
   0.24808191E+004   0.63915500E+010   0.35586000E+005   0.55293859E-005   0.35341346E+005   0.27187722E+005   0.16244758E+004   0.82607412E+003   0.57030748E+004   0.28812198E+005
   0.24810191E+004   0.63922500E+010   0.35519000E+005   0.55237012E-005   0.35308879E+005   0.27286181E+005   0.13156460E+004   0.78139158E+003   0.59256606E+004   0.28601827E+005
   0.24812192E+004   0.63917500E+010   0.35662000E+005   0.55359126E-005   0.35384170E+005   0.27370498E+005   0.10611929E+004   0.73677238E+003   0.62157068E+004   0.28431691E+005
   0.24814191E+004   0.63918500E+010   0.36069000E+005   0.55434621E-005   0.35432978E+005   0.27449563E+005   0.85415052E+003   0.70013994E+003   0.64291248E+004   0.28303713E+005
   0.24816191E+004   0.63912500E+010   0.35756000E+005   0.55701750E-005   0.35600381E+005   0.27518854E+005   0.68725321E+003   0.66923790E+003   0.67250354E+004   0.28206108E+005
   0.24818191E+004   0.63910500E+010   0.36152000E+005   0.55954239E-005   0.35760634E+005   0.27583926E+005   0.55407016E+003   0.63530978E+003   0.69873276E+004   0.28137997E+005
   0.24820192E+004   0.63909500E+010   0.36041000E+005   0.56140472E-005   0.35879095E+005   0.27644208E+005   0.44862405E+003   0.60693381E+003   0.71793298E+004   0.28092832E+005
   0.24822192E+004   0.63911500E+010   0.36503000E+005   0.56433746E-005   0.36067654E+005   0.27701172E+005   0.36571025E+003   0.58293303E+003   0.74178382E+004   0.28066882E+005
   0.24824192E+004   0.63905500E+010   0.36236000E+005   0.56610540E-005   0.36177248E+005   0.27750566E+005   0.30079356E+003   0.55619934E+003   0.75696897E+004   0.28051359E+005
   0.24826192E+004   0.63909500E+010   0.37083000E+005   0.56903301E-005   0.36366615E+005   0.27800642E+005   0.25020395E+003   0.53363482E+003   0.77821350E+004   0.28050846E+005
   0.24828191E+004   0.63908500E+010   0.37031000E+005   0.57104671E-005   0.36494739E+005   0.27845267E+005   0.21076868E+003   0.51070886E+003   0.79279939E+004   0.28056036E+005
   0.24830191E+004   0.63903500E+010   0.36890000E+005   0.57329939E-005   0.36635837E+005   0.27885198E+005   0.17998669E+003   0.49286050E+003   0.80777923E+004   0.28065185E+005
   0.24832192E+004   0.63897500E+010   0.37749000E+005   0.57480320E-005   0.36728487E+005   0.27922034E+005   0.15586639E+003   0.47442824E+003   0.81761583E+004   0.28077901E+005
   0.24834192E+004   0.63882500E+010   0.37265000E+005   0.57643931E-005   0.36824384E+005   0.27952507E+005   0.13681725E+003   0.45560513E+003   0.82794548E+004   0.28089324E+005
   0.24836191E+004   0.63874500E+010   0.37711000E+005   0.57794380E-005   0.36915871E+005   0.27983842E+005   0.12165635E+003   0.43946911E+003   0.83709035E+004   0.28105499E+005
   0.24838192E+004   0.63864500E+010   0.37177000E+005   0.57911348E-005   0.36984793E+005   0.28012307E+005   0.10942937E+003   0.42565558E+003   0.84374006E+004   0.28121736E+005
   0.24840191E+004   0.63852500E+010   0.37336000E+005   0.57954826E-005   0.37005605E+005   0.28038055E+005   0.99430024E+002   0.41005800E+003   0.84580621E+004   0.28137485E+005
   0.24842192E+004   0.63858500E+010   0.37323000E+005   0.57992316E-005   0.37033023E+005   0.28070045E+005   0.91156482E+002   0.39667253E+003   0.84751495E+004   0.28161201E+005
   0.24844192E+004   0.63864500E+010   0.37013000E+005   0.57998055E-005   0.37040168E+005   0.28100508E+005   0.84182857E+002   0.38520558E+003   0.84702708E+004   0.28184691E+005
   0.24846192E+004   0.63884500E+010   0.36912000E+005   0.57984926E-005   0.37043380E+005   0.28135734E+005   0.78232903E+002   0.37227841E+003   0.84571351E+004   0.28213967E+005
   0.24848191E+004   0.63912500E+010   0.37341000E+005   0.57916695E-005   0.37016008E+005   0.28173196E+005   0.72120979E+002   0.36108838E+003   0.84096025E+004   0.28245317E+005
   0.24850192E+004   0.63936500E+010   0.37017000E+005   0.57860048E-005   0.36993690E+005   0.28207718E+005   0.67697002E+002   0.35046265E+003   0.83678118E+004   0.28275415E+005
   0.24855192E+004   0.63930500E+010   0.36367000E+005   0.57470558E-005   0.36741215E+005   0.28260226E+005   0.58841143E+002   0.32560409E+003   0.80965437E+004   0.28319067E+005
   0.24860192E+004   0.63935500E+010   0.36722000E+005   0.57044318E-005   0.36471570E+005   0.28311786E+005   0.51321655E+002   0.30447673E+003   0.78039857E+004   0.28363108E+005
   0.24865192E+004   0.63928500E+010   0.36492000E+005   0.56440710E-005   0.36081699E+005   0.28353148E+005   0.45689797E+002   0.28435436E+003   0.73985073E+004   0.28398837E+005
   0.24870192E+004   0.63908500E+010   0.36209000E+005   0.55845815E-005   0.35690223E+005   0.28384582E+005   0.40626697E+002   0.26763985E+003   0.69973739E+004   0.28425209E+005
   0.24875192E+004   0.63897500E+010   0.35411000E+005   0.55343126E-005   0.35362874E+005   0.28416453E+005   0.36401802E+002   0.25268541E+003   0.66573335E+004   0.28452855E+005
   0.24880192E+004   0.63885500E+010   0.35333000E+005   0.54611134E-005   0.34888596E+005   0.28444806E+005   0.33080582E+002   0.23827810E+003   0.61724311E+004   0.28477887E+005
   0.24885192E+004   0.63876500E+010   0.34494000E+005   0.54206403E-005   0.34625153E+005   0.28471833E+005   0.29987791E+002   0.22620117E+003   0.58971314E+004   0.28501821E+005
   0.24890192E+004   0.63862500E+010   0.34361000E+005   0.53686075E-005   0.34285269E+005   0.28494301E+005   0.27318500E+002   0.21522680E+003   0.55484233E+004   0.28521619E+005
   0.24895192E+004   0.63857500E+010   0.34566000E+005   0.53425101E-005   0.34115934E+005   0.28518740E+005   0.25169054E+002   0.20697692E+003   0.53650474E+004   0.28543909E+005
   0.24900192E+004   0.63825500E+010   0.33778000E+005   0.53232054E-005   0.33975625E+005   0.28529303E+005   0.23111149E+002   0.20314023E+003   0.52200699E+004   0.28552415E+005
   0.24905192E+004   0.63798500E+010   0.33728000E+005   0.53114487E-005   0.33886246E+005   0.28540483E+005   0.21432104E+002   0.19940624E+003   0.51249246E+004   0.28561915E+005
   0.24910192E+004   0.63776500E+010   0.33688000E+005   0.53043923E-005   0.33829558E+005   0.28552457E+005   0.19816840E+002   0.19625401E+003   0.50610299E+004   0.28572274E+005
   0.24915192E+004   0.63759500E+010   0.33679000E+005   0.53103668E-005   0.33858633E+005   0.28565382E+005   0.18381491E+002   0.19337690E+003   0.50814923E+004   0.28583764E+005
   0.24920192E+004   0.63729500E+010   0.33695000E+005   0.53170090E-005   0.33885033E+005   0.28571320E+005   0.17188560E+002   0.19050122E+003   0.51060234E+004   0.28588508E+005
   0.24925192E+004   0.63704500E+010   0.34036000E+005   0.53320540E-005   0.33967584E+005   0.28578449E+005   0.16025858E+002   0.19042648E+003   0.51826822E+004   0.28594475E+005
   0.24930192E+004   0.63681500E+010   0.34099000E+005   0.53506957E-005   0.34074033E+005   0.28585525E+005   0.14978866E+002   0.19035773E+003   0.52831709E+004   0.28600504E+005
   0.24935193E+004   0.63653500E+010   0.34376000E+005   0.53622710E-005   0.34132732E+005   0.28589495E+005   0.14100196E+002   0.19027403E+003   0.53388629E+004   0.28603595E+005
   0.24940192E+004   0.63637500E+010   0.34406000E+005   0.53800666E-005   0.34237399E+005   0.28598066E+005   0.13236373E+002   0.19022621E+003   0.54358703E+004   0.28611302E+005
   0.24945192E+004   0.63630500E+010   0.34454000E+005   0.53954427E-005   0.34331472E+005   0.28609970E+005   0.12509678E+002   0.19020528E+003   0.55187867E+004   0.28622480E+005
   0.24950192E+004   0.63602500E+010   0.34509000E+005   0.54037034E-005   0.34368905E+005   0.28611776E+005   0.11784769E+002   0.19012158E+003   0.55552224E+004   0.28623561E+005
   0.24955192E+004   0.63583500E+010   0.34546000E+005   0.54130325E-005   0.34417955E+005   0.28617026E+005   0.11122974E+002   0.19006479E+003   0.55997414E+004   0.28628149E+005
   0.24960193E+004   0.63559500E+010   0.34158000E+005   0.54107165E-005   0.34390243E+005   0.28619469E+005   0.10559557E+002   0.18999305E+003   0.55702219E+004   0.28630028E+005
   0.24965193E+004   0.63537500E+010   0.34576000E+005   0.54136972E-005   0.34397279E+005   0.28622298E+005   0.10249240E+002   0.18992729E+003   0.55748043E+004   0.28632547E+005
   0.24970192E+004   0.63524500E+010   0.34371000E+005   0.54095090E-005   0.34363636E+005   0.28628707E+005   0.10247143E+002   0.18988843E+003   0.55347927E+004   0.28638954E+005
   0.24975193E+004   0.63504500E+010   0.34322000E+005   0.54028160E-005   0.34310313E+005   0.28631525E+005   0.10243916E+002   0.18982864E+003   0.54787154E+004   0.28641769E+005
   0.24980193E+004   0.63478500E+010   0.34085000E+005   0.53916837E-005   0.34225599E+005   0.28631228E+005   0.10239722E+002   0.18975092E+003   0.53943812E+004   0.28641467E+005
   0.24985193E+004   0.63455500E+010   0.33957000E+005   0.53777701E-005   0.34124909E+005   0.28631903E+005   0.10236012E+002   0.18968217E+003   0.52930879E+004   0.28642139E+005
   0.24990193E+004   0.63442500E+010   0.33960000E+005   0.53620767E-005   0.34018355E+005   0.28636737E+005   0.10233915E+002   0.18964331E+003   0.51817410E+004   0.28646971E+005
   0.24995193E+004   0.63439500E+010   0.33682000E+005   0.53518923E-005   0.33952137E+005   0.28645758E+005   0.10233431E+002   0.18963434E+003   0.51065111E+004   0.28655992E+005
   0.25000193E+004   0.63422500E+010   0.33461000E+005   0.53316411E-005   0.33814600E+005   0.28648152E+005   0.10230689E+002   0.18958353E+003   0.49666341E+004   0.28658383E+005
   0.25005193E+004   0.63405500E+010   0.33845000E+005   0.53209702E-005   0.33737878E+005   0.28650259E+005   0.10227947E+002   0.18953271E+003   0.48878585E+004   0.28660487E+005
   0.25010193E+004   0.63388500E+010   0.33519000E+005   0.53105027E-005   0.33662480E+005   0.28652095E+005   0.10225204E+002   0.18948189E+003   0.48106782E+004   0.28662320E+005
   0.25015193E+004   0.63360500E+010   0.33513000E+005   0.52885002E-005   0.33508202E+005   0.28648704E+005   0.10220688E+002   0.18939819E+003   0.46598789E+004   0.28658925E+005
   0.25020193E+004   0.63325500E+010   0.33310000E+005   0.52797308E-005   0.33434160E+005   0.28641905E+005   0.10215042E+002   0.18929357E+003   0.45927457E+004   0.28652120E+005
   0.25025193E+004   0.63319500E+010   0.33056000E+005   0.52654757E-005   0.33340729E+005   0.28647997E+005   0.10214074E+002   0.18927564E+003   0.44932418E+004   0.28658212E+005
   0.25030193E+004   0.63315500E+010   0.33415000E+005   0.52595017E-005   0.33300798E+005   0.28654786E+005   0.10213429E+002   0.18926368E+003   0.44465345E+004   0.28665000E+005
   0.25035193E+004   0.63292500E+010   0.32965000E+005   0.52498631E-005   0.33227696E+005   0.28652778E+005   0.10209719E+002   0.18919493E+003   0.43755133E+004   0.28662988E+005
   0.25040193E+004   0.63278500E+010   0.32964000E+005   0.52422954E-005   0.33172459E+005   0.28654656E+005   0.10207460E+002   0.18915308E+003   0.43184426E+004   0.28664863E+005
   0.25045193E+004   0.63247500E+010   0.32903000E+005   0.52366334E-005   0.33120397E+005   0.28648655E+005   0.10202460E+002   0.18906041E+003   0.42724789E+004   0.28658858E+005
   0.25050193E+004   0.63208500E+010   0.33085000E+005   0.52416592E-005   0.33131741E+005   0.28638857E+005   0.10196169E+002   0.18894383E+003   0.42937439E+004   0.28649054E+005
   0.25055193E+004   0.63170500E+010   0.32881000E+005   0.52360880E-005   0.33076629E+005   0.28629347E+005   0.10190039E+002   0.18883024E+003   0.42482620E+004   0.28639537E+005
   0.25060193E+004   0.63147500E+010   0.32803000E+005   0.52384114E-005   0.33079258E+005   0.28626481E+005   0.10186329E+002   0.18876149E+003   0.42538299E+004   0.28636667E+005
   0.25070194E+004   0.63085500E+010   0.33125000E+005   0.52407113E-005   0.33061289E+005   0.28613063E+005   0.10176327E+002   0.18857616E+003   0.42494739E+004   0.28623239E+005
   0.25080194E+004   0.63042500E+010   0.33035000E+005   0.52537248E-005   0.33120795E+005   0.28607732E+005   0.10169391E+002   0.18844762E+003   0.43144451E+004   0.28617902E+005
   0.25090193E+004   0.63003500E+010   0.32799000E+005   0.52641618E-005   0.33166062E+005   0.28603741E+005   0.10163100E+002   0.18833104E+003   0.43638263E+004   0.28613904E+005
   0.25100194E+004   0.62963500E+010   0.33132000E+005   0.52820375E-005   0.33257557E+005   0.28598865E+005   0.10156648E+002   0.18821148E+003   0.44603238E+004   0.28609022E+005
   0.25110194E+004   0.62922500E+010   0.32843000E+005   0.52934823E-005   0.33307914E+005   0.28593139E+005   0.10150034E+002   0.18808892E+003   0.45165362E+004   0.28603289E+005
   0.25120194E+004   0.62880500E+010   0.33075000E+005   0.53048737E-005   0.33357311E+005   0.28586596E+005   0.10143259E+002   0.18796337E+003   0.45726084E+004   0.28596739E+005
   0.25130194E+004   0.62823500E+010   0.33304000E+005   0.53220301E-005   0.33434856E+005   0.28572899E+005   0.10134064E+002   0.18779299E+003   0.46640295E+004   0.28583033E+005
   0.25140194E+004   0.62789500E+010   0.33252000E+005   0.53317124E-005   0.33477555E+005   0.28569354E+005   0.10128580E+002   0.18769135E+003   0.47103811E+004   0.28579483E+005
   0.25150194E+004   0.62750500E+010   0.33381000E+005   0.53404414E-005   0.33511537E+005   0.28563254E+005   0.10122289E+002   0.18757477E+003   0.47505864E+004   0.28573376E+005
   0.25160194E+004   0.62725500E+010   0.33238000E+005   0.53576617E-005   0.33606201E+005   0.28563267E+005   0.10118256E+002   0.18750004E+003   0.48453149E+004   0.28573386E+005
   0.25170194E+004   0.62678500E+010   0.33248000E+005   0.53598997E-005   0.33595047E+005   0.28553023E+005   0.10110674E+002   0.18735955E+003   0.48445543E+004   0.28563133E+005
   0.25180194E+004   0.62687500E+010   0.33395000E+005   0.53754534E-005   0.33697374E+005   0.28568071E+005   0.10112126E+002   0.18738645E+003   0.49318045E+004   0.28578183E+005
   0.25190194E+004   0.62681500E+010   0.33483000E+005   0.53803669E-005   0.33724947E+005   0.28576088E+005   0.10111158E+002   0.18736852E+003   0.49513792E+004   0.28586199E+005
   0.25200194E+004   0.62662500E+010   0.33577000E+005   0.53845601E-005   0.33741000E+005   0.28577992E+005   0.10108093E+002   0.18731172E+003   0.49655881E+004   0.28588100E+005
   0.25210194E+004   0.62687500E+010   0.33418000E+005   0.53922506E-005   0.33802671E+005   0.28599794E+005   0.10112126E+002   0.18738645E+003   0.50053782E+004   0.28609906E+005
   0.25220194E+004   0.62718500E+010   0.33484000E+005   0.53952078E-005   0.33837934E+005   0.28624185E+005   0.10117127E+002   0.18747912E+003   0.50161527E+004   0.28634302E+005
   0.25230195E+004   0.62771500E+010   0.33568000E+005   0.54081530E-005   0.33947788E+005   0.28658482E+005   0.10125676E+002   0.18763755E+003   0.50915422E+004   0.28668608E+005
   0.25240195E+004   0.62776500E+010   0.33503000E+005   0.54104205E-005   0.33964726E+005   0.28670736E+005   0.10126483E+002   0.18765249E+003   0.50962117E+004   0.28680862E+005
   0.25250195E+004   0.62762500E+010   0.33651000E+005   0.54059772E-005   0.33929264E+005   0.28674180E+005   0.10124224E+002   0.18761064E+003   0.50573496E+004   0.28684304E+005
   0.25260195E+004   0.62741500E+010   0.33770000E+005   0.54178172E-005   0.33992198E+005   0.28674299E+005   0.10120837E+002   0.18754787E+003   0.51202303E+004   0.28684420E+005
   0.25270195E+004   0.62759500E+010   0.33692000E+005   0.54195491E-005   0.34012819E+005   0.28692127E+005   0.10123740E+002   0.18760168E+003   0.51229674E+004   0.28702250E+005
   0.25280195E+004   0.62761500E+010   0.33793000E+005   0.54303438E-005   0.34081652E+005   0.28702535E+005   0.10124063E+002   0.18760765E+003   0.51813855E+004   0.28712659E+005
   0.25290195E+004   0.62761500E+010   0.33597000E+005   0.54258927E-005   0.34053716E+005   0.28711927E+005   0.10124063E+002   0.18760765E+003   0.51440576E+004   0.28722051E+005
   0.25300195E+004   0.62775500E+010   0.33964000E+005   0.54273898E-005   0.34070711E+005   0.28727630E+005   0.10126321E+002   0.18764950E+003   0.51453047E+004   0.28737757E+005
   0.25310195E+004   0.62785500E+010   0.34071000E+005   0.54364440E-005   0.34132986E+005   0.28741416E+005   0.10127934E+002   0.18767940E+003   0.51937621E+004   0.28751544E+005
   0.25320195E+004   0.62773500E+010   0.33799000E+005   0.54372746E-005   0.34131676E+005   0.28745045E+005   0.10125999E+002   0.18764353E+003   0.51888609E+004   0.28755171E+005
   0.25330196E+004   0.62750500E+010   0.33965000E+005   0.54441701E-005   0.34162440E+005   0.28743551E+005   0.10122289E+002   0.18757477E+003   0.52211916E+004   0.28753673E+005
   0.25340195E+004   0.62773500E+010   0.33791000E+005   0.54398485E-005   0.34147833E+005   0.28763051E+005   0.10125999E+002   0.18764353E+003   0.51870129E+004   0.28773177E+005
   0.25350196E+004   0.62758500E+010   0.33746000E+005   0.54396661E-005   0.34138528E+005   0.28765068E+005   0.10123579E+002   0.18759869E+003   0.51757384E+004   0.28775191E+005
   0.25360195E+004   0.62748500E+010   0.33842000E+005   0.54430187E-005   0.34154126E+005   0.28769303E+005   0.10121966E+002   0.18756879E+003   0.51871315E+004   0.28779425E+005
   0.25370196E+004   0.62752500E+010   0.33835000E+005   0.54412661E-005   0.34145305E+005   0.28779892E+005   0.10122611E+002   0.18758075E+003   0.51677095E+004   0.28790015E+005
   0.25380196E+004   0.62768500E+010   0.33831000E+005   0.54361707E-005   0.34122028E+005   0.28795925E+005   0.10125192E+002   0.18762858E+003   0.51283497E+004   0.28806050E+005
   0.25390196E+004   0.62740500E+010   0.34305000E+005   0.54348558E-005   0.34098557E+005   0.28791710E+005   0.10120675E+002   0.18754488E+003   0.51091811E+004   0.28801831E+005
   0.25400196E+004   0.62720500E+010   0.33618000E+005   0.54307245E-005   0.34061775E+005   0.28791104E+005   0.10117449E+002   0.18748510E+003   0.50730683E+004   0.28801222E+005
   0.25410196E+004   0.62699500E+010   0.33892000E+005   0.54252387E-005   0.34015975E+005   0.28789980E+005   0.10114062E+002   0.18742232E+003   0.50284589E+004   0.28800094E+005
   0.25420196E+004   0.62707500E+010   0.33924000E+005   0.54170456E-005   0.33968939E+005   0.28802119E+005   0.10115352E+002   0.18744624E+003   0.49692582E+004   0.28812235E+005
   0.25430196E+004   0.62704500E+010   0.33830000E+005   0.54098776E-005   0.33922367E+005   0.28809157E+005   0.10114868E+002   0.18743727E+003   0.49156574E+004   0.28819272E+005
   0.25440196E+004   0.62670500E+010   0.33294000E+005   0.53985831E-005   0.33833190E+005   0.28801901E+005   0.10109384E+002   0.18733564E+003   0.48338444E+004   0.28812010E+005
   0.25450196E+004   0.62656500E+010   0.33516000E+005   0.53888391E-005   0.33764580E+005   0.28803785E+005   0.10107125E+002   0.18729379E+003   0.47633937E+004   0.28813892E+005
   0.25460196E+004   0.62644500E+010   0.33305000E+005   0.53722863E-005   0.33654419E+005   0.28806543E+005   0.10105190E+002   0.18725792E+003   0.46505135E+004   0.28816648E+005
   0.25470196E+004   0.62618500E+010   0.33568000E+005   0.53601663E-005   0.33564557E+005   0.28802816E+005   0.10100996E+002   0.18718020E+003   0.45644597E+004   0.28812917E+005
   0.25480197E+004   0.62562500E+010   0.33041000E+005   0.53471499E-005   0.33453107E+005   0.28785241E+005   0.10091962E+002   0.18701280E+003   0.44707605E+004   0.28795333E+005
   0.25490197E+004   0.62559500E+010   0.33384000E+005   0.53261801E-005   0.33320316E+005   0.28792007E+005   0.10091478E+002   0.18700383E+003   0.43312141E+004   0.28802098E+005
