 Iter,Ba,Bb,H,E0,Gamma,AW,mW,sGW,gLW,A,m,sG,gL,A,m,sG,gL,A,m,sG,gL,A,m,sG,gL,A,m,sG,gL,A,m,sG,gL,A,m,sG,gL,A,m,sG,gL 
   1.0000000000000000        0.0000000000000000        0.0000000000000000        32000.000000000000        2470.0000000000000        5.0000000000000000        50000.000000000000        2470.0000000000000        10.000000000000000        10.000000000000000        15000.005179820375        2468.9757272742936        10.099360278018976        10.048164931066372        14999.957080385115        2467.9213388707367        10.027806527045373        10.019264386829285        14999.935558502008        2466.9953648041983        10.015689433270508        10.016666963328410        15000.000000000000        2466.0000000000000        10.000000000000000        10.000000000000000        9999.9491107904705        2481.0578886965413        10.026539672368106        10.067509122900420        10000.000000000000        2482.0000000000000        10.000000000000000        10.000000000000000        10000.000000000000        2483.0000000000000        10.000000000000000        10.000000000000000        10000.000000000000        2484.0000000000000        10.000000000000000        10.000000000000000     
   2.0000000000000000        0.0000000000000000        0.0000000000000000        32000.000000000000        2470.0000000000000        5.0000000000000000        50000.000000000000        2470.0000000000000        10.000000000000000        10.000000000000000        15000.005179820375        2468.9757272742936        10.099360278018976        10.048164931066372        15000.002710726158        2467.9045921030929        10.090745866856846        10.009777134280903        15000.017536743911        2466.9507756893345        10.051281248922423        10.067533425229874        15000.000000000000        2466.0000000000000        10.000000000000000        10.000000000000000        9999.9002640726503        2480.9977229014498        10.091516096597941        10.062741868559238        10000.000000000000        2482.0000000000000        10.000000000000000        10.000000000000000        10000.000000000000        2483.0000000000000        10.000000000000000        10.000000000000000        10000.000000000000        2484.0000000000000        10.000000000000000        10.000000000000000     
   3.0000000000000000       0.11347056407450040       0.13265778114628682        31999.927994519538        2470.2380470207045        4.9675516430907489        50000.000000000000        2470.0000000000000        10.000000000000000        10.000000000000000        14999.946048276628        2469.1155970368882        10.086677690884612        10.195788294413546        15000.000000000000        2468.0000000000000        10.000000000000000        10.000000000000000        14999.847699987331        2466.9025459077111        10.072600144450176        10.078645343454138        14999.907303330712        2465.9361671504694        10.025878523484375        10.073287387268453        10000.078539825718        2480.9805219741606        9.9133754148303428        10.091605107688114        10000.100231441133        2482.1297568965474        9.8938486208143690        10.174700225242917        10000.079169747505        2482.9164762678370        10.088847285441279        10.083780436999376        9999.9367956116257        2484.0814307908599        10.033815446698947        10.079228877949367     
   4.0000000000000000       0.11347056407450040       0.13265778114628682        31999.927994519538        2470.2380470207045        4.9675516430907489        50000.000000000000        2470.0000000000000        10.000000000000000        10.000000000000000        14999.923296283174        2469.0358691571892        10.059882600053655        10.262893659906354        15000.000000000000        2468.0000000000000        10.000000000000000        10.000000000000000        14999.906292922944        2466.8589582097716        10.020751744923121        10.073687843856129        14999.907303330712        2465.9361671504694        10.025878523484375        10.073287387268453        10000.023491637119        2480.9941610228711        9.9655650637503168        10.129769524178291        10000.100231441133        2482.1297568965474        9.8938486208143690        10.174700225242917        10000.114562860830        2482.8521562029900        10.188193904190857        10.140800061150948        9999.9367956116257        2484.0814307908599        10.033815446698947        10.079228877949367     
   5.0000000000000000        2.5621695807388059E-002  0.12622134445512778        31999.895552852748        2470.2814597560487        5.0475507090794212        49999.992356666393        2469.9946706110163        9.9158411302028533        10.089403602043678        14999.923296283174        2469.0358691571892        10.059882600053655        10.262893659906354        15000.000000000000        2468.0000000000000        10.000000000000000        10.000000000000000        14999.935312446305        2466.8491104156192        9.9452174402141136        10.165719263131914        14999.945712757793        2465.8837691020726        10.111060282206012        10.064813100925553        10000.023491637119        2480.9941610228711        9.9655650637503168        10.129769524178291        10000.110152983700        2482.2175064429398        9.8681003338897817        10.256366547546474        10000.114562860830        2482.8521562029900        10.188193904190857        10.140800061150948        9999.9367956116257        2484.0814307908599        10.033815446698947        10.079228877949367     
   6.0000000000000000        4.3841240220705763E-002   4.1786466494518559E-002   31999.951160748922        2470.3701206619085        5.1128135293088688        50000.011674265530        2470.0668375437635        10.012672550670265        10.089498458514724        14999.923296283174        2469.0358691571892        10.059882600053655        10.262893659906354        15000.000000000000        2468.0000000000000        10.000000000000000        10.000000000000000        14999.979854801582        2466.8055720754537        10.045043723142035        10.113996478451437        14999.927430301730        2465.8056792549964        10.194696251000547        10.055730094677346        9999.9999305449019        2480.9873064966496        9.9919745588779136        10.172419514740795        10000.110152983700        2482.2175064429398        9.8681003338897817        10.256366547546474        10000.114562860830        2482.8521562029900        10.188193904190857        10.140800061150948        9999.9367956116257        2484.0814307908599        10.033815446698947        10.079228877949367     
   7.0000000000000000        4.3841240220705763E-002   4.1786466494518559E-002   31999.951160748922        2470.3701206619085        5.1128135293088688        49999.916381921437        2470.0539791577480        10.103357482035314        10.093156221604190        14999.931374883903        2469.0698132384773        10.129781034112995        10.302730553772639        15000.034025407844        2467.9193158366311        10.079550640585941        10.053596494349618        15000.067582416468        2466.8028370043949        10.122577087464013        10.126300126391492        15000.021100288659        2465.7502804504247        10.156315190495132        10.035703657759441        10000.086628311279        2481.0557174149321        10.053614842785594        10.128199512383176        10000.155645373021        2482.1238690926698        9.8453444336206353        10.345895790704978        10000.123881222915        2482.9391962730901        10.178525628887300        10.142227286825019        9999.9677973671787        2484.0622049176627        10.106256635937438        10.050490335274718     
   8.0000000000000000       -4.0678826281666206E-002  0.14078423222165942        31999.912027889590        2470.4565630441812        5.0700794275335292        49999.916381921437        2470.0539791577480        10.103357482035314        10.093156221604190        14999.923544214033        2469.0709410609911        10.173077268177879        10.346023683489273        15000.034025407844        2467.9193158366311        10.079550640585941        10.053596494349618        15000.067582416468        2466.8028370043949        10.122577087464013        10.126300126391492        14999.952587420046        2465.7865250788191        10.203717282697404        10.082628399840285        10000.086628311279        2481.0557174149321        10.053614842785594        10.128199512383176        10000.155645373021        2482.1238690926698        9.8453444336206353        10.345895790704978        10000.198448236746        2482.9530569220487        10.217679432822226        10.139805296856052        9999.9802864445337        2483.9751706180668        10.152642958506458        10.137976019016186     
   9.0000000000000000      -0.11871443470633958       0.21429328666483155        31999.854771892384        2470.4424187731215        5.1535553098575066        50000.011923352286        2469.9886937323627        10.101519036342079        10.181640301671893        14999.923544214033        2469.0709410609911        10.173077268177879        10.346023683489273        15000.092749132280        2467.8475711504843        10.102948428603030        10.064543350633016        15000.067582416468        2466.8028370043949        10.122577087464013        10.126300126391492        14999.952587420046        2465.7865250788191        10.203717282697404        10.082628399840285        10000.055890024345        2481.0424794449668        9.9995648261752859        10.168158922708598        10000.190199299659        2482.1628558725361        9.9119299790918038        10.394014770461739        10000.198448236746        2482.9530569220487        10.217679432822226        10.139805296856052        9999.9964580268406        2484.0033108974576        10.193333119950543        10.188310054908232     
   10.000000000000000      -0.11871443470633958       0.21429328666483155        31999.854771892384        2470.4424187731215        5.1535553098575066        50000.011923352286        2469.9886937323627        10.101519036342079        10.181640301671893        14999.923544214033        2469.0709410609911        10.173077268177879        10.346023683489273        15000.147487619406        2467.8624133536491        10.182320796941754        10.093889029954189        15000.067582416468        2466.8028370043949        10.122577087464013        10.126300126391492        14999.903829854318        2465.7797100309122        10.235821577358603        10.104839006982104        10000.081604775038        2481.1133635958954        10.015295997133094        10.180652352377727        10000.265379494742        2482.2585737738891        9.8277963353144671        10.440688044557996        10000.198448236746        2482.9530569220487        10.217679432822226        10.139805296856052        9999.9728090666922        2484.0826852829105        10.281374098886065        10.246409627545146     
