Energy, I_inc, I_ab, f_ratio, Restored_Spectrum, step, wl, low, high
   2440.0188162431100        6000000000.0000000        3000.0000000000000        4.0000000000000003E-007   2400.0000000000000        2400.0000000000000        0.0000000000000000        0.0000000000000000        0.0000000000000000     
   2441.0188146191099        6000000000.0000000        3000.0000000000000        4.0000000000000003E-007   2400.0000000000000        2400.0000000000000        0.0000000000000000        0.0000000000000000        0.0000000000000000     
   2442.0188309525502        6000000000.0000000        3000.0000000000000        4.0000000000000003E-007   2400.0000000000000        2400.0000000000000        0.0000000000000000        0.0000000000000000        0.0000000000000000     
   2443.0188629246600        6000000000.0000000        3000.0000000000000        4.0000000000000003E-007   2400.0000000000000        2400.0000000000000        0.0000000000000000        0.0000000000000000        0.0000000000000000     
   2444.0188619817500        6000000000.0000000        3000.0000000000000        4.0000000000000003E-007   2400.0000000000000        2400.0000000000000        0.0000000000000000        0.0000000000000000        0.0000000000000000     
   2445.0188719209800        6000000000.0000000        3000.0000000000000        4.0000000000000003E-007   2400.0000000000000        2400.0000000000000        0.0000000000000000        0.0000000000000000        0.0000000000000000     
   2446.0188904124202        6000000000.0000000        3000.0000000000000        4.0000000000000003E-007   2400.0000000000000        2400.0000000000000        0.0000000000000000        0.0000000000000000        0.0000000000000000     
   2447.0188687292998        6000000000.0000000        3000.0000000000000        4.0000000000000003E-007   2400.0000000000000        2400.0000000000000        0.0000000000000000        0.0000000000000000        0.0000000000000000     
   2448.0188972665301        6000000000.0000000        3000.0000000000000        4.0000000000000003E-007   2400.0000000000000        2400.0000000000000        0.0000000000000000        0.0000000000000000        0.0000000000000000     
   2449.0188808428102        6000000000.0000000        3000.0000000000000        4.0000000000000003E-007   2400.0000000000000        2400.0000000000000        0.0000000000000000        0.0000000000000000        0.0000000000000000     
   2450.0189100616099        6000000000.0000000        3000.0000000000000        4.0000000000000003E-007   2400.0000000000000        2400.0000000000000        0.0000000000000000        0.0000000000000000        0.0000000000000000     
   2451.0188895182000        6000000000.0000000        3000.0000000000000        4.0000000000000003E-007   2400.0000000000000        2400.0000000000000        0.0000000000000000        0.0000000000000000        0.0000000000000000     
   2452.0189100247799        6000000000.0000000        3000.0000000000000        4.0000000000000003E-007   2400.0000000000000        2400.0000000000000        0.0000000000000000        0.0000000000000000        0.0000000000000000     
   2453.0189226703901        6000000000.0000000        3000.0000000000000        4.0000000000000003E-007   2400.0000000000000        2400.0000000000000        0.0000000000000000        0.0000000000000000        0.0000000000000000     
   2454.0189250955400        6000000000.0000000        3000.0000000000000        4.0000000000000003E-007   2400.0000000000000        2400.0000000000000        0.0000000000000000        0.0000000000000000        0.0000000000000000     
   2455.0189149370399        6000000000.0000000        3000.0000000000000        4.0000000000000003E-007   2400.0000000000000        2400.0000000000000        0.0000000000000000        0.0000000000000000        0.0000000000000000     
   2456.0189367077000        6000000000.0000000        3000.0000000000000        4.0000000000000003E-007   2400.0000000000000        2400.0000000000000        0.0000000000000000        0.0000000000000000        0.0000000000000000     
   2457.0189412656000        6000000000.0000000        3000.0000000000000        4.0000000000000003E-007   2400.0000000000000        2400.0000000000000        0.0000000000000000        0.0000000000000000        0.0000000000000000     
   2458.0189732245599        6000000000.0000000        3000.0000000000000        4.0000000000000003E-007   2400.0000000000000        2400.0000000000000        0.0000000000000000        0.0000000000000000        0.0000000000000000     
   2459.0189833271202        6000000000.0000000        3000.0000000000000        4.0000000000000003E-007   2400.0000000000000        2400.0000000000000        0.0000000000000000        0.0000000000000000        0.0000000000000000     
   2460.0189691918299        6000000000.0000000        3000.0000000000000        4.0000000000000003E-007   2400.0000000000000        2400.0000000000000        0.0000000000000000        0.0000000000000000        0.0000000000000000     
   2461.0189755841202        6000000000.0000000        3000.0000000000000        4.0000000000000003E-007   2400.0000000000000        2400.0000000000000        0.0000000000000000        0.0000000000000000        0.0000000000000000     
   2462.0190002778800        6000000000.0000000        3000.0000000000000        4.0000000000000003E-007   2400.0000000000000        2400.0000000000000        0.0000000000000000        0.0000000000000000        0.0000000000000000     
   2463.0189937844302        6000000000.0000000        3000.0000000000000        4.0000000000000003E-007   2400.0000000000000        2400.0000000000000        0.0000000000000000        0.0000000000000000        0.0000000000000000     
   2464.0190010210499        6000000000.0000000        3000.0000000000000        4.0000000000000003E-007   2400.0000000000000        2400.0000000000000        0.0000000000000000        0.0000000000000000        0.0000000000000000     
   2465.0190197509000        6000000000.0000000        3000.0000000000000        4.0000000000000003E-007   2400.0000000000000        2400.0000000000000        0.0000000000000000        0.0000000000000000        0.0000000000000000     
   2465.2190284692401        6000000000.0000000        3000.0000000000000        4.0000000000000003E-007   2400.0000000000000        2400.0000000000000        0.0000000000000000        0.0000000000000000        0.0000000000000000     
   2465.4190356459299        6000000000.0000000        3000.0000000000000        4.0000000000000003E-007   2400.0000000000000        2400.0000000000000        0.0000000000000000        0.0000000000000000        0.0000000000000000     
   2465.6190412617202        6000000000.0000000        3000.0000000000000        4.0000000000000003E-007   2400.0000000000000        2400.0000000000000        0.0000000000000000        0.0000000000000000        0.0000000000000000     
   2465.8189978863802        6000000000.0000000        3000.0000000000000        4.0000000000000003E-007   2400.0000000000000        2400.0000000000000        0.0000000000000000        0.0000000000000000        0.0000000000000000     
   2466.0190003117500        6000000000.0000000        3000.0000000000000        4.0000000000000003E-007   2400.0000000000000        2400.0000000000000        0.0000000000000000        0.0000000000000000        0.0000000000000000     
   2466.2190011184398        6000000000.0000000        3000.0000000000000        4.0000000000000003E-007   2400.0000000000000        2400.0000000000000        0.0000000000000000        0.0000000000000000        0.0000000000000000     
   2466.4190477307502        6000000000.0000000        3000.0000000000000        4.0000000000000003E-007   2400.0000000000000        2400.0000000000000        0.0000000000000000        0.0000000000000000        0.0000000000000000     
   2466.6190452531200        6000000000.0000000        3000.0000000000000        4.0000000000000003E-007   2400.0000000000000        2400.0000000000000        0.0000000000000000        0.0000000000000000        0.0000000000000000     
   2466.8190410989901        6000000000.0000000        3000.0000000000000        4.0000000000000003E-007   2400.0000000000000        2400.0000000000000        0.0000000000000000        0.0000000000000000        0.0000000000000000     
   2467.0190352490499        6000000000.0000000        3000.0000000000000        4.0000000000000003E-007   2400.0000000000000        2400.0000000000000        0.0000000000000000        0.0000000000000000        0.0000000000000000     
   2467.2190276840101        6000000000.0000000        3000.0000000000000        4.0000000000000003E-007   2400.0000000000000        2400.0000000000000        0.0000000000000000        0.0000000000000000        0.0000000000000000     
   2467.4190183845799        6000000000.0000000        3000.0000000000000        4.0000000000000003E-007   2400.0000000000000        2400.0000000000000        0.0000000000000000        0.0000000000000000        0.0000000000000000     
   2467.6190548401901        6000000000.0000000        3000.0000000000000        4.0000000000000003E-007   2400.0000000000000        2400.0000000000000        0.0000000000000000        0.0000000000000000        0.0000000000000000     
   2467.8190420249002        6000000000.0000000        3000.0000000000000        4.0000000000000003E-007   2400.0000000000000        2400.0000000000000        0.0000000000000000        0.0000000000000000        0.0000000000000000     
   2468.0190274172701        6000000000.0000000        3000.0000000000000        4.0000000000000003E-007   2400.0000000000000        2400.0000000000000        0.0000000000000000        0.0000000000000000        0.0000000000000000     
   2468.2190585393300        6000000000.0000000        3000.0000000000000        4.0000000000000003E-007   2400.0000000000000        2400.0000000000000        0.0000000000000000        0.0000000000000000        0.0000000000000000     
   2468.4190402999302        6000000000.0000000        3000.0000000000000        4.0000000000000003E-007   2400.0000000000000        2400.0000000000000        0.0000000000000000        0.0000000000000000        0.0000000000000000     
   2468.6190202101898        6000000000.0000000        3000.0000000000000        4.0000000000000003E-007   2400.0000000000000        2400.0000000000000        0.0000000000000000        0.0000000000000000        0.0000000000000000     
   2468.8190458247400        6000000000.0000000        3000.0000000000000        4.0000000000000003E-007   2400.0000000000000        2400.0000000000000        0.0000000000000000        0.0000000000000000        0.0000000000000000     
   2469.0190219871902        6000000000.0000000        3000.0000000000000        4.0000000000000003E-007   2400.0000000000000        2400.0000000000000        0.0000000000000000        0.0000000000000000        0.0000000000000000     
   2469.2190438369698        6000000000.0000000        3000.0000000000000        4.0000000000000003E-007   2400.0000000000000        2400.0000000000000        0.0000000000000000        0.0000000000000000        0.0000000000000000     
   2469.4190637807501        6000000000.0000000        3000.0000000000000        4.0000000000000003E-007   2400.0000000000000        2400.0000000000000        0.0000000000000000        0.0000000000000000        0.0000000000000000     
   2469.6190341817601        6000000000.0000000        3000.0000000000000        4.0000000000000003E-007   2400.0000000000000        2400.0000000000000        0.0000000000000000        0.0000000000000000        0.0000000000000000     
   2469.8190502446100        6000000000.0000000        3000.0000000000000        4.0000000000000003E-007   2400.0000000000000        2400.0000000000000        0.0000000000000000        0.0000000000000000        0.0000000000000000     
   2470.0190643433598        6000000000.0000000        3000.0000000000000        4.0000000000000003E-007   2400.0000000000000        2400.0000000000000        0.0000000000000000        0.0000000000000000        0.0000000000000000     
   2470.2190764586398        6000000000.0000000        3000.0000000000000        4.0000000000000003E-007   2400.0000000000000        2400.0000000000000        0.0000000000000000        0.0000000000000000        0.0000000000000000     
   2470.4190389101200        6000000000.0000000        3000.0000000000000        4.0000000000000003E-007   2400.0000000000000        2400.0000000000000        0.0000000000000000        0.0000000000000000        0.0000000000000000     
   2470.6190469894100        6000000000.0000000        3000.0000000000000        4.0000000000000003E-007   2400.0000000000000        2400.0000000000000        0.0000000000000000        0.0000000000000000        0.0000000000000000     
   2470.8190530270499        6000000000.0000000        3000.0000000000000        4.0000000000000003E-007   2400.0000000000000        2400.0000000000000        0.0000000000000000        0.0000000000000000        0.0000000000000000     
   2471.0190570036302        6000000000.0000000        3000.0000000000000        4.0000000000000003E-007   2400.0000000000000        2400.0000000000000        0.0000000000000000        0.0000000000000000        0.0000000000000000     
   2471.2190588997400        6000000000.0000000        3000.0000000000000        4.0000000000000003E-007   2400.0000000000000        2400.0000000000000        0.0000000000000000        0.0000000000000000        0.0000000000000000     
   2471.4190586959699        6000000000.0000000        3000.0000000000000        4.0000000000000003E-007   2400.0000000000000        2400.0000000000000        0.0000000000000000        0.0000000000000000        0.0000000000000000     
   2471.6190563728901        6000000000.0000000        3000.0000000000000        4.0000000000000003E-007   2400.0000000000000        2400.0000000000000        0.0000000000000000        0.0000000000000000        0.0000000000000000     
   2471.8190519110799        6000000000.0000000        3000.0000000000000        4.0000000000000003E-007   2400.0000000000000        2400.0000000000000        0.0000000000000000        0.0000000000000000        0.0000000000000000     
   2472.0190452911102        6000000000.0000000        3000.0000000000000        4.0000000000000003E-007   2400.0000000000000        2400.0000000000000        0.0000000000000000        0.0000000000000000        0.0000000000000000     
   2472.2190842523701        6000000000.0000000        3000.0000000000000        4.0000000000000003E-007   2400.0000000000000        2400.0000000000000        0.0000000000000000        0.0000000000000000        0.0000000000000000     
   2472.4190732686302        6000000000.0000000        3000.0000000000000        4.0000000000000003E-007   2400.0000000000000        2400.0000000000000        0.0000000000000000        0.0000000000000000        0.0000000000000000     
   2472.6190600683799        6000000000.0000000        3000.0000000000000        4.0000000000000003E-007   2400.0000000000000        2400.0000000000000        0.0000000000000000        0.0000000000000000        0.0000000000000000     
   2472.8190924236701        6000000000.0000000        3000.0000000000000        4.0000000000000003E-007   2400.0000000000000        2400.0000000000000        0.0000000000000000        0.0000000000000000        0.0000000000000000     
   2473.0190747429401        6000000000.0000000        3000.0000000000000        4.0000000000000003E-007   2400.0000000000000        2400.0000000000000        0.0000000000000000        0.0000000000000000        0.0000000000000000     
   2473.2190547873201        6000000000.0000000        3000.0000000000000        4.0000000000000003E-007   2400.0000000000000        2400.0000000000000        0.0000000000000000        0.0000000000000000        0.0000000000000000     
   2473.4190803614802        6000000000.0000000        3000.0000000000000        4.0000000000000003E-007   2400.0000000000000        2400.0000000000000        0.0000000000000000        0.0000000000000000        0.0000000000000000     
   2473.6191036435798        6000000000.0000000        3000.0000000000000        4.0000000000000003E-007   2400.0000000000000        2400.0000000000000        0.0000000000000000        0.0000000000000000        0.0000000000000000     
   2473.8190767682099        6000000000.0000000        3000.0000000000000        4.0000000000000003E-007   2400.0000000000000        2400.0000000000000        0.0000000000000000        0.0000000000000000        0.0000000000000000     
   2474.0190953968299        6000000000.0000000        3000.0000000000000        4.0000000000000003E-007   2400.0000000000000        2400.0000000000000        0.0000000000000000        0.0000000000000000        0.0000000000000000     
   2474.2190638072302        6000000000.0000000        3000.0000000000000        4.0000000000000003E-007   2400.0000000000000        2400.0000000000000        0.0000000000000000        0.0000000000000000        0.0000000000000000     
   2474.4190777043800        6000000000.0000000        3000.0000000000000        4.0000000000000003E-007   2400.0000000000000        2400.0000000000000        0.0000000000000000        0.0000000000000000        0.0000000000000000     
   2474.6190892119898        6000000000.0000000        3000.0000000000000        4.0000000000000003E-007   2400.0000000000000        2400.0000000000000        0.0000000000000000        0.0000000000000000        0.0000000000000000     
   2474.8190983105501        6000000000.0000000        3000.0000000000000        4.0000000000000003E-007   2400.0000000000000        2400.0000000000000        0.0000000000000000        0.0000000000000000        0.0000000000000000     
   2475.0191049805298        6000000000.0000000        3000.0000000000000        4.0000000000000003E-007   2400.0000000000000        2400.0000000000000        0.0000000000000000        0.0000000000000000        0.0000000000000000     
   2475.2191092024100        6000000000.0000000        3000.0000000000000        4.0000000000000003E-007   2400.0000000000000        2400.0000000000000        0.0000000000000000        0.0000000000000000        0.0000000000000000     
   2475.4191109566600        6000000000.0000000        3000.0000000000000        4.0000000000000003E-007   2400.0000000000000        2400.0000000000000        0.0000000000000000        0.0000000000000000        0.0000000000000000     
   2475.6191102237499        6000000000.0000000        3000.0000000000000        4.0000000000000003E-007   2400.0000000000000        2400.0000000000000        0.0000000000000000        0.0000000000000000        0.0000000000000000     
   2475.8191069841300        6000000000.0000000        3000.0000000000000        4.0000000000000003E-007   2400.0000000000000        2400.0000000000000        0.0000000000000000        0.0000000000000000        0.0000000000000000     
   2476.0191012182599        6000000000.0000000        3000.0000000000000        4.0000000000000003E-007   2400.0000000000000        2400.0000000000000        0.0000000000000000        0.0000000000000000        0.0000000000000000     
   2476.2190929065800        6000000000.0000000        3000.0000000000000        4.0000000000000003E-007   2400.0000000000000        2400.0000000000000        0.0000000000000000        0.0000000000000000        0.0000000000000000     
   2476.4190820295398        6000000000.0000000        3000.0000000000000        4.0000000000000003E-007   2400.0000000000000        2400.0000000000000        0.0000000000000000        0.0000000000000000        0.0000000000000000     
   2476.6191165659402        6000000000.0000000        3000.0000000000000        4.0000000000000003E-007   2400.0000000000000        2400.0000000000000        0.0000000000000000        0.0000000000000000        0.0000000000000000     
   2476.8191005103699        6000000000.0000000        3000.0000000000000        4.0000000000000003E-007   2400.0000000000000        2400.0000000000000        0.0000000000000000        0.0000000000000000        0.0000000000000000     
   2477.0191298508898        6000000000.0000000        3000.0000000000000        4.0000000000000003E-007   2400.0000000000000        2400.0000000000000        0.0000000000000000        0.0000000000000000        0.0000000000000000     
   2477.2191085384702        6000000000.0000000        3000.0000000000000        4.0000000000000003E-007   2400.0000000000000        2400.0000000000000        0.0000000000000000        0.0000000000000000        0.0000000000000000     
   2477.4191326047799        6000000000.0000000        3000.0000000000000        4.0000000000000003E-007   2400.0000000000000        2400.0000000000000        0.0000000000000000        0.0000000000000000        0.0000000000000000     
   2477.6191059571802        6000000000.0000000        3000.0000000000000        4.0000000000000003E-007   2400.0000000000000        2400.0000000000000        0.0000000000000000        0.0000000000000000        0.0000000000000000     
   2477.8191246709098        6000000000.0000000        3000.0000000000000        4.0000000000000003E-007   2400.0000000000000        2400.0000000000000        0.0000000000000000        0.0000000000000000        0.0000000000000000     
   2478.0190926097298        6000000000.0000000        3000.0000000000000        4.0000000000000003E-007   2400.0000000000000        2400.0000000000000        0.0000000000000000        0.0000000000000000        0.0000000000000000     
   2478.2191058924700        6000000000.0000000        3000.0000000000000        4.0000000000000003E-007   2400.0000000000000        2400.0000000000000        0.0000000000000000        0.0000000000000000        0.0000000000000000     
   2478.4191164357298        6000000000.0000000        3000.0000000000000        4.0000000000000003E-007   2400.0000000000000        2400.0000000000000        0.0000000000000000        0.0000000000000000        0.0000000000000000     
   2478.6191242199102        6000000000.0000000        3000.0000000000000        4.0000000000000003E-007   2400.0000000000000        2400.0000000000000        0.0000000000000000        0.0000000000000000        0.0000000000000000     
   2478.8191292253800        6000000000.0000000        3000.0000000000000        4.0000000000000003E-007   2400.0000000000000        2400.0000000000000        0.0000000000000000        0.0000000000000000        0.0000000000000000     
   2479.0191314325002        6000000000.0000000        3000.0000000000000        4.0000000000000003E-007   2400.0000000000000        2400.0000000000000        0.0000000000000000        0.0000000000000000        0.0000000000000000     
   2479.2191308216302        6000000000.0000000        3000.0000000000000        4.0000000000000003E-007   2400.0000000000000        2400.0000000000000        0.0000000000000000        0.0000000000000000        0.0000000000000000     
   2479.4191273731399        6000000000.0000000        3000.0000000000000        4.0000000000000003E-007   2400.0000000000000        2400.0000000000000        0.0000000000000000        0.0000000000000000        0.0000000000000000     
   2479.6191210673601        6000000000.0000000        3000.0000000000000        4.0000000000000003E-007   2400.0000000000000        2400.0000000000000        0.0000000000000000        0.0000000000000000        0.0000000000000000     
   2479.8191118846598        6000000000.0000000        3000.0000000000000        4.0000000000000003E-007   2400.0000000000000        2400.0000000000000        0.0000000000000000        0.0000000000000000        0.0000000000000000     
   2480.0191479890700        6000000000.0000000        3000.0000000000000        4.0000000000000003E-007   2400.0000000000000        2400.0000000000000        0.0000000000000000        0.0000000000000000        0.0000000000000000     
   2480.2191330044102        6000000000.0000000        3000.0000000000000        4.0000000000000003E-007   2400.0000000000000        2400.0000000000000        0.0000000000000000        0.0000000000000000        0.0000000000000000     
   2480.4191150838301        6000000000.0000000        3000.0000000000000        4.0000000000000003E-007   2400.0000000000000        2400.0000000000000        0.0000000000000000        0.0000000000000000        0.0000000000000000     
   2480.6191424240601        6000000000.0000000        3000.0000000000000        4.0000000000000003E-007   2400.0000000000000        2400.0000000000000        0.0000000000000000        0.0000000000000000        0.0000000000000000     
   2480.8191185834798        6000000000.0000000        3000.0000000000000        4.0000000000000003E-007   2400.0000000000000        2400.0000000000000        0.0000000000000000        0.0000000000000000        0.0000000000000000     
   2481.0191399861601        6000000000.0000000        3000.0000000000000        4.0000000000000003E-007   2400.0000000000000        2400.0000000000000        0.0000000000000000        0.0000000000000000        0.0000000000000000     
   2481.2191583959798        6000000000.0000000        3000.0000000000000        4.0000000000000003E-007   2400.0000000000000        2400.0000000000000        0.0000000000000000        0.0000000000000000        0.0000000000000000     
   2481.4191255331698        6000000000.0000000        3000.0000000000000        4.0000000000000003E-007   2400.0000000000000        2400.0000000000000        0.0000000000000000        0.0000000000000000        0.0000000000000000     
   2481.6191378872600        6000000000.0000000        3000.0000000000000        4.0000000000000003E-007   2400.0000000000000        2400.0000000000000        0.0000000000000000        0.0000000000000000        0.0000000000000000     
   2481.8191471893701        6000000000.0000000        3000.0000000000000        4.0000000000000003E-007   2400.0000000000000        2400.0000000000000        0.0000000000000000        0.0000000000000000        0.0000000000000000     
   2482.0191534197902        6000000000.0000000        3000.0000000000000        4.0000000000000003E-007   2400.0000000000000        2400.0000000000000        0.0000000000000000        0.0000000000000000        0.0000000000000000     
   2482.2191565588000        6000000000.0000000        3000.0000000000000        4.0000000000000003E-007   2400.0000000000000        2400.0000000000000        0.0000000000000000        0.0000000000000000        0.0000000000000000     
   2482.4191565866599        6000000000.0000000        3000.0000000000000        4.0000000000000003E-007   2400.0000000000000        2400.0000000000000        0.0000000000000000        0.0000000000000000        0.0000000000000000     
   2482.6191534836398        6000000000.0000000        3000.0000000000000        4.0000000000000003E-007   2400.0000000000000        2400.0000000000000        0.0000000000000000        0.0000000000000000        0.0000000000000000     
   2482.8191472300000        6000000000.0000000        3000.0000000000000        4.0000000000000003E-007   2400.0000000000000        2400.0000000000000        0.0000000000000000        0.0000000000000000        0.0000000000000000     
   2483.0191378059999        6000000000.0000000        3000.0000000000000        4.0000000000000003E-007   2400.0000000000000        2400.0000000000000        0.0000000000000000        0.0000000000000000        0.0000000000000000     
   2483.2191735502001        6000000000.0000000        3000.0000000000000        4.0000000000000003E-007   2400.0000000000000        2400.0000000000000        0.0000000000000000        0.0000000000000000        0.0000000000000000     
   2483.4191577371298        6000000000.0000000        3000.0000000000000        4.0000000000000003E-007   2400.0000000000000        2400.0000000000000        0.0000000000000000        0.0000000000000000        0.0000000000000000     
   2483.6191386944201        6000000000.0000000        3000.0000000000000        4.0000000000000003E-007   2400.0000000000000        2400.0000000000000        0.0000000000000000        0.0000000000000000        0.0000000000000000     
   2483.8191647933800        6000000000.0000000        3000.0000000000000        4.0000000000000003E-007   2400.0000000000000        2400.0000000000000        0.0000000000000000        0.0000000000000000        0.0000000000000000     
   2484.0191392430102        6000000000.0000000        3000.0000000000000        4.0000000000000003E-007   2400.0000000000000        2400.0000000000000        0.0000000000000000        0.0000000000000000        0.0000000000000000     
   2484.2191588165902        6000000000.0000000        3000.0000000000000        4.0000000000000003E-007   2400.0000000000000        2400.0000000000000        0.0000000000000000        0.0000000000000000        0.0000000000000000     
   2484.4191751032699        6000000000.0000000        3000.0000000000000        4.0000000000000003E-007   2400.0000000000000        2400.0000000000000        0.0000000000000000        0.0000000000000000        0.0000000000000000     
   2484.6191880832598        6000000000.0000000        3000.0000000000000        4.0000000000000003E-007   2400.0000000000000        2400.0000000000000        0.0000000000000000        0.0000000000000000        0.0000000000000000     
   2484.8191492910901        6000000000.0000000        3000.0000000000000        4.0000000000000003E-007   2400.0000000000000        2400.0000000000000        0.0000000000000000        0.0000000000000000        0.0000000000000000     
   2485.0191555873798        6000000000.0000000        3000.0000000000000        4.0000000000000003E-007   2400.0000000000000        2400.0000000000000        0.0000000000000000        0.0000000000000000        0.0000000000000000     
   2485.5191747395602        6000000000.0000000        3000.0000000000000        4.0000000000000003E-007   2400.0000000000000        2400.0000000000000        0.0000000000000000        0.0000000000000000        0.0000000000000000     
   2486.0191846922698        6000000000.0000000        3000.0000000000000        4.0000000000000003E-007   2400.0000000000000        2400.0000000000000        0.0000000000000000        0.0000000000000000        0.0000000000000000     
   2486.5191851561399        6000000000.0000000        3000.0000000000000        4.0000000000000003E-007   2400.0000000000000        2400.0000000000000        0.0000000000000000        0.0000000000000000        0.0000000000000000     
   2487.0191758415799        6000000000.0000000        3000.0000000000000        4.0000000000000003E-007   2400.0000000000000        2400.0000000000000        0.0000000000000000        0.0000000000000000        0.0000000000000000     
   2487.5192050519699        6000000000.0000000        3000.0000000000000        4.0000000000000003E-007   2400.0000000000000        2400.0000000000000        0.0000000000000000        0.0000000000000000        0.0000000000000000     
   2488.0191753382101        6000000000.0000000        3000.0000000000000        4.0000000000000003E-007   2400.0000000000000        2400.0000000000000        0.0000000000000000        0.0000000000000000        0.0000000000000000     
   2488.5191836238000        6000000000.0000000        3000.0000000000000        4.0000000000000003E-007   2400.0000000000000        2400.0000000000000        0.0000000000000000        0.0000000000000000        0.0000000000000000     
   2489.0191810250899        6000000000.0000000        3000.0000000000000        4.0000000000000003E-007   2400.0000000000000        2400.0000000000000        0.0000000000000000        0.0000000000000000        0.0000000000000000     
   2489.5192159539502        6000000000.0000000        3000.0000000000000        4.0000000000000003E-007   2400.0000000000000        2400.0000000000000        0.0000000000000000        0.0000000000000000        0.0000000000000000     
   2490.0191907417302        6000000000.0000000        3000.0000000000000        4.0000000000000003E-007   2400.0000000000000        2400.0000000000000        0.0000000000000000        0.0000000000000000        0.0000000000000000     
   2490.5192025298002        6000000000.0000000        3000.0000000000000        4.0000000000000003E-007   2400.0000000000000        2400.0000000000000        0.0000000000000000        0.0000000000000000        0.0000000000000000     
   2491.0192023242798        6000000000.0000000        3000.0000000000000        4.0000000000000003E-007   2400.0000000000000        2400.0000000000000        0.0000000000000000        0.0000000000000000        0.0000000000000000     
   2491.5192386456301        6000000000.0000000        3000.0000000000000        4.0000000000000003E-007   2400.0000000000000        2400.0000000000000        0.0000000000000000        0.0000000000000000        0.0000000000000000     
   2492.0192136054802        6000000000.0000000        3000.0000000000000        4.0000000000000003E-007   2400.0000000000000        2400.0000000000000        0.0000000000000000        0.0000000000000000        0.0000000000000000     
   2492.5192245632202        6000000000.0000000        3000.0000000000000        4.0000000000000003E-007   2400.0000000000000        2400.0000000000000        0.0000000000000000        0.0000000000000000        0.0000000000000000     
   2493.0192224146899        6000000000.0000000        3000.0000000000000        4.0000000000000003E-007   2400.0000000000000        2400.0000000000000        0.0000000000000000        0.0000000000000000        0.0000000000000000     
   2493.5192557889800        6000000000.0000000        3000.0000000000000        4.0000000000000003E-007   2400.0000000000000        2400.0000000000000        0.0000000000000000        0.0000000000000000        0.0000000000000000     
   2494.0192265778801        6000000000.0000000        3000.0000000000000        4.0000000000000003E-007   2400.0000000000000        2400.0000000000000        0.0000000000000000        0.0000000000000000        0.0000000000000000     
   2494.5192323589499        6000000000.0000000        3000.0000000000000        4.0000000000000003E-007   2400.0000000000000        2400.0000000000000        0.0000000000000000        0.0000000000000000        0.0000000000000000     
   2495.0192239176599        6000000000.0000000        3000.0000000000000        4.0000000000000003E-007   2400.0000000000000        2400.0000000000000        0.0000000000000000        0.0000000000000000        0.0000000000000000     
   2495.5192499918198        6000000000.0000000        3000.0000000000000        4.0000000000000003E-007   2400.0000000000000        2400.0000000000000        0.0000000000000000        0.0000000000000000        0.0000000000000000     
   2496.0192613117001        6000000000.0000000        3000.0000000000000        4.0000000000000003E-007   2400.0000000000000        2400.0000000000000        0.0000000000000000        0.0000000000000000        0.0000000000000000     
   2496.5192575836300        6000000000.0000000        3000.0000000000000        4.0000000000000003E-007   2400.0000000000000        2400.0000000000000        0.0000000000000000        0.0000000000000000        0.0000000000000000     
   2497.0192385137302        6000000000.0000000        3000.0000000000000        4.0000000000000003E-007   2400.0000000000000        2400.0000000000000        0.0000000000000000        0.0000000000000000        0.0000000000000000     
   2497.5192529485698        6000000000.0000000        3000.0000000000000        4.0000000000000003E-007   2400.0000000000000        2400.0000000000000        0.0000000000000000        0.0000000000000000        0.0000000000000000     
   2498.0192515079798        6000000000.0000000        3000.0000000000000        4.0000000000000003E-007   2400.0000000000000        2400.0000000000000        0.0000000000000000        0.0000000000000000        0.0000000000000000     
   2498.5192830929700        6000000000.0000000        3000.0000000000000        4.0000000000000003E-007   2400.0000000000000        2400.0000000000000        0.0000000000000000        0.0000000000000000        0.0000000000000000     
   2499.0192982681101        6000000000.0000000        3000.0000000000000        4.0000000000000003E-007   2400.0000000000000        2400.0000000000000        0.0000000000000000        0.0000000000000000        0.0000000000000000     
   2499.5192967384601        6000000000.0000000        3000.0000000000000        4.0000000000000003E-007   2400.0000000000000        2400.0000000000000        0.0000000000000000        0.0000000000000000        0.0000000000000000     
   2500.0192782088302        6000000000.0000000        3000.0000000000000        4.0000000000000003E-007   2400.0000000000000        2400.0000000000000        0.0000000000000000        0.0000000000000000        0.0000000000000000     
   2500.5192916891301        6000000000.0000000        3000.0000000000000        4.0000000000000003E-007   2400.0000000000000        2400.0000000000000        0.0000000000000000        0.0000000000000000        0.0000000000000000     
   2501.0192876333699        6000000000.0000000        3000.0000000000000        4.0000000000000003E-007   2400.0000000000000        2400.0000000000000        0.0000000000000000        0.0000000000000000        0.0000000000000000     
   2501.5193151059102        6000000000.0000000        3000.0000000000000        4.0000000000000003E-007   2400.0000000000000        2400.0000000000000        0.0000000000000000        0.0000000000000000        0.0000000000000000     
   2502.0193245054802        6000000000.0000000        3000.0000000000000        4.0000000000000003E-007   2400.0000000000000        2400.0000000000000        0.0000000000000000        0.0000000000000000        0.0000000000000000     
   2502.5193155358402        6000000000.0000000        3000.0000000000000        4.0000000000000003E-007   2400.0000000000000        2400.0000000000000        0.0000000000000000        0.0000000000000000        0.0000000000000000     
   2503.0192879005599        6000000000.0000000        3000.0000000000000        4.0000000000000003E-007   2400.0000000000000        2400.0000000000000        0.0000000000000000        0.0000000000000000        0.0000000000000000     
   2503.5192907729802        6000000000.0000000        3000.0000000000000        4.0000000000000003E-007   2400.0000000000000        2400.0000000000000        0.0000000000000000        0.0000000000000000        0.0000000000000000     
   2504.0193239386499        6000000000.0000000        3000.0000000000000        4.0000000000000003E-007   2400.0000000000000        2400.0000000000000        0.0000000000000000        0.0000000000000000        0.0000000000000000     
   2504.5193376579500        6000000000.0000000        3000.0000000000000        4.0000000000000003E-007   2400.0000000000000        2400.0000000000000        0.0000000000000000        0.0000000000000000        0.0000000000000000     
   2505.0193316336199        6000000000.0000000        3000.0000000000000        4.0000000000000003E-007   2400.0000000000000        2400.0000000000000        0.0000000000000000        0.0000000000000000        0.0000000000000000     
   2505.5193055681402        6000000000.0000000        3000.0000000000000        4.0000000000000003E-007   2400.0000000000000        2400.0000000000000        0.0000000000000000        0.0000000000000000        0.0000000000000000     
   2506.0193087712100        6000000000.0000000        3000.0000000000000        4.0000000000000003E-007   2400.0000000000000        2400.0000000000000        0.0000000000000000        0.0000000000000000        0.0000000000000000     
   2507.0193524586098        6000000000.0000000        3000.0000000000000        4.0000000000000003E-007   2400.0000000000000        2400.0000000000000        0.0000000000000000        0.0000000000000000        0.0000000000000000     
   2508.0193613700899        6000000000.0000000        3000.0000000000000        4.0000000000000003E-007   2400.0000000000000        2400.0000000000000        0.0000000000000000        0.0000000000000000        0.0000000000000000     
   2509.0193332814702        6000000000.0000000        3000.0000000000000        4.0000000000000003E-007   2400.0000000000000        2400.0000000000000        0.0000000000000000        0.0000000000000000        0.0000000000000000     
   2510.0193656200900        6000000000.0000000        3000.0000000000000        4.0000000000000003E-007   2400.0000000000000        2400.0000000000000        0.0000000000000000        0.0000000000000000        0.0000000000000000     
   2511.0193567203701        6000000000.0000000        3000.0000000000000        4.0000000000000003E-007   2400.0000000000000        2400.0000000000000        0.0000000000000000        0.0000000000000000        0.0000000000000000     
   2512.0193542857601        6000000000.0000000        3000.0000000000000        4.0000000000000003E-007   2400.0000000000000        2400.0000000000000        0.0000000000000000        0.0000000000000000        0.0000000000000000     
   2513.0194062367300        6000000000.0000000        3000.0000000000000        4.0000000000000003E-007   2400.0000000000000        2400.0000000000000        0.0000000000000000        0.0000000000000000        0.0000000000000000     
   2514.0194105675901        6000000000.0000000        3000.0000000000000        4.0000000000000003E-007   2400.0000000000000        2400.0000000000000        0.0000000000000000        0.0000000000000000        0.0000000000000000     
   2515.0194151372398        6000000000.0000000        3000.0000000000000        4.0000000000000003E-007   2400.0000000000000        2400.0000000000000        0.0000000000000000        0.0000000000000000        0.0000000000000000     
   2516.0194178637798        6000000000.0000000        3000.0000000000000        4.0000000000000003E-007   2400.0000000000000        2400.0000000000000        0.0000000000000000        0.0000000000000000        0.0000000000000000     
   2517.0194166620499        6000000000.0000000        3000.0000000000000        4.0000000000000003E-007   2400.0000000000000        2400.0000000000000        0.0000000000000000        0.0000000000000000        0.0000000000000000     
   2518.0194094436902        6000000000.0000000        3000.0000000000000        4.0000000000000003E-007   2400.0000000000000        2400.0000000000000        0.0000000000000000        0.0000000000000000        0.0000000000000000     
   2519.0194444406802        6000000000.0000000        3000.0000000000000        4.0000000000000003E-007   2400.0000000000000        2400.0000000000000        0.0000000000000000        0.0000000000000000        0.0000000000000000     
   2520.0194189662502        6000000000.0000000        3000.0000000000000        4.0000000000000003E-007   2400.0000000000000        2400.0000000000000        0.0000000000000000        0.0000000000000000        0.0000000000000000     
   2521.0194316247698        6000000000.0000000        3000.0000000000000        4.0000000000000003E-007   2400.0000000000000        2400.0000000000000        0.0000000000000000        0.0000000000000000        0.0000000000000000     
   2522.0194299914401        6000000000.0000000        3000.0000000000000        4.0000000000000003E-007   2400.0000000000000        2400.0000000000000        0.0000000000000000        0.0000000000000000        0.0000000000000000     
   2523.0194625063700        6000000000.0000000        3000.0000000000000        4.0000000000000003E-007   2400.0000000000000        2400.0000000000000        0.0000000000000000        0.0000000000000000        0.0000000000000000     
   2524.0194766279401        6000000000.0000000        3000.0000000000000        4.0000000000000003E-007   2400.0000000000000        2400.0000000000000        0.0000000000000000        0.0000000000000000        0.0000000000000000     
   2525.0194702453400        6000000000.0000000        3000.0000000000000        4.0000000000000003E-007   2400.0000000000000        2400.0000000000000        0.0000000000000000        0.0000000000000000        0.0000000000000000     
   2526.0194919549799        6000000000.0000000        3000.0000000000000        4.0000000000000003E-007   2400.0000000000000        2400.0000000000000        0.0000000000000000        0.0000000000000000        0.0000000000000000     
   2527.0194890398602        6000000000.0000000        3000.0000000000000        4.0000000000000003E-007   2400.0000000000000        2400.0000000000000        0.0000000000000000        0.0000000000000000        0.0000000000000000     
   2528.0195102007201        6000000000.0000000        3000.0000000000000        4.0000000000000003E-007   2400.0000000000000        2400.0000000000000        0.0000000000000000        0.0000000000000000        0.0000000000000000     
   2529.0195026035799        6000000000.0000000        3000.0000000000000        4.0000000000000003E-007   2400.0000000000000        2400.0000000000000        0.0000000000000000        0.0000000000000000        0.0000000000000000     
   2530.0195150535701        6000000000.0000000        3000.0000000000000        4.0000000000000003E-007   2400.0000000000000        2400.0000000000000        0.0000000000000000        0.0000000000000000        0.0000000000000000     
   2531.0195455869498        6000000000.0000000        3000.0000000000000        4.0000000000000003E-007   2400.0000000000000        2400.0000000000000        0.0000000000000000        0.0000000000000000        0.0000000000000000     
   2532.0195411941900        6000000000.0000000        3000.0000000000000        4.0000000000000003E-007   2400.0000000000000        2400.0000000000000        0.0000000000000000        0.0000000000000000        0.0000000000000000     
   2533.0195508371899        6000000000.0000000        3000.0000000000000        4.0000000000000003E-007   2400.0000000000000        2400.0000000000000        0.0000000000000000        0.0000000000000000        0.0000000000000000     
   2534.0195213892798        6000000000.0000000        3000.0000000000000        4.0000000000000003E-007   2400.0000000000000        2400.0000000000000        0.0000000000000000        0.0000000000000000        0.0000000000000000     
   2535.0195531260101        6000000000.0000000        3000.0000000000000        4.0000000000000003E-007   2400.0000000000000        2400.0000000000000        0.0000000000000000        0.0000000000000000        0.0000000000000000     
   2536.0195417054301        6000000000.0000000        3000.0000000000000        4.0000000000000003E-007   2400.0000000000000        2400.0000000000000        0.0000000000000000        0.0000000000000000        0.0000000000000000     
   2537.0195876188200        6000000000.0000000        3000.0000000000000        4.0000000000000003E-007   2400.0000000000000        2400.0000000000000        0.0000000000000000        0.0000000000000000        0.0000000000000000     
   2538.0195862961000        6000000000.0000000        3000.0000000000000        4.0000000000000003E-007   2400.0000000000000        2400.0000000000000        0.0000000000000000        0.0000000000000000        0.0000000000000000     
   2539.0195870132702        6000000000.0000000        3000.0000000000000        4.0000000000000003E-007   2400.0000000000000        2400.0000000000000        0.0000000000000000        0.0000000000000000        0.0000000000000000     
   2540.0195877787000        6000000000.0000000        3000.0000000000000        4.0000000000000003E-007   2400.0000000000000        2400.0000000000000        0.0000000000000000        0.0000000000000000        0.0000000000000000     
   2541.0195865976698        6000000000.0000000        3000.0000000000000        4.0000000000000003E-007   2400.0000000000000        2400.0000000000000        0.0000000000000000        0.0000000000000000        0.0000000000000000     
   2542.0196330702602        6000000000.0000000        3000.0000000000000        4.0000000000000003E-007   2400.0000000000000        2400.0000000000000        0.0000000000000000        0.0000000000000000        0.0000000000000000     
   2543.0196220554899        6000000000.0000000        3000.0000000000000        4.0000000000000003E-007   2400.0000000000000        2400.0000000000000        0.0000000000000000        0.0000000000000000        0.0000000000000000     
   2544.0196030916900        6000000000.0000000        3000.0000000000000        4.0000000000000003E-007   2400.0000000000000        2400.0000000000000        0.0000000000000000        0.0000000000000000        0.0000000000000000     
   2545.0196259365998        6000000000.0000000        3000.0000000000000        4.0000000000000003E-007   2400.0000000000000        2400.0000000000000        0.0000000000000000        0.0000000000000000        0.0000000000000000     
   2546.0196369267201        6000000000.0000000        3000.0000000000000        4.0000000000000003E-007   2400.0000000000000        2400.0000000000000        0.0000000000000000        0.0000000000000000        0.0000000000000000     
   2547.0196340489802        6000000000.0000000        3000.0000000000000        4.0000000000000003E-007   2400.0000000000000        2400.0000000000000        0.0000000000000000        0.0000000000000000        0.0000000000000000     
   2548.0196672189900        6000000000.0000000        3000.0000000000000        4.0000000000000003E-007   2400.0000000000000        2400.0000000000000        0.0000000000000000        0.0000000000000000        0.0000000000000000     
   2549.0196825971898        6000000000.0000000        3000.0000000000000        4.0000000000000003E-007   2400.0000000000000        2400.0000000000000        0.0000000000000000        0.0000000000000000        0.0000000000000000     
