Energy, I_inc, I_ab, Restored_Spectrum
   2440.0188162431145        6391350000.0000000        142.00000000000000       -35180.533535710223     
   2441.0188146191126        6391750000.0000000        146.00000000000000       -35107.129550938284     
   2442.0188309525465        6389650000.0000000        182.00000000000000       -35030.570969874199     
   2443.0188629246618        6388950000.0000000        161.00000000000000       -34950.742025944179     
   2444.0188619817472        6389650000.0000000        169.00000000000000       -34867.511052393464     
   2445.0188719209773        6390850000.0000000        188.00000000000000       -34780.715648543468     
   2446.0188904124157        6387150000.0000000        208.00000000000000       -34690.170384404402     
   2447.0188687292971        6386950000.0000000        190.00000000000000       -34595.664286097541     
   2448.0188972665346        6388650000.0000000        221.00000000000000       -34496.939777756095     
   2449.0188808428097        6389150000.0000000        249.00000000000000       -34393.720534196298     
   2450.0189100616144        6390950000.0000000        242.00000000000000       -34285.671338176449     
   2451.0188895182000        6391950000.0000000        289.00000000000000       -34172.432836016204     
   2452.0189100247817        6393050000.0000000        292.00000000000000       -34053.576960828759     
   2453.0189226703919        6393050000.0000000        306.00000000000000       -33928.637942484056     
   2454.0189250955368        6396050000.0000000        294.00000000000000       -33797.084562048389     
   2455.0189149370358        6398750000.0000000        351.00000000000000       -33658.315993525917     
   2456.0189367076955        6400350000.0000000        381.00000000000000       -33511.642061574566     
   2457.0189412655996        6400850000.0000000        430.00000000000000       -33356.286363844862     
   2458.0189732245562        6402350000.0000000        477.00000000000000       -33191.335447973150     
   2459.0189833271161        6403750000.0000000        549.00000000000000       -33015.737099706552     
   2460.0189691918276        6403350000.0000000        599.00000000000000       -32828.237659382750     
   2461.0189755841175        6402850000.0000000        699.00000000000000       -32627.326464801015     
   2462.0190002778804        6401350000.0000000        769.00000000000000       -32411.185357164817     
   2463.0189937844348        6398850000.0000000        918.00000000000000       -32177.605883711058     
   2464.0190010210522        6395550000.0000000        1116.0000000000000       -31923.848342988869     
   2465.0190197509010        6394750000.0000000        1280.0000000000000       -31646.537433106765     
   2465.2190284692401        6394450000.0000000        1461.0000000000000       -31587.895695886018     
   2465.4190356459303        6393150000.0000000        1453.0000000000000       -31528.110163648631     
   2465.6190412617243        6392350000.0000000        1560.0000000000000       -31467.141253614151     
   2465.8189978863829        6390950000.0000000        1717.0000000000000       -31404.962520342888     
   2466.0190003117527        6390150000.0000000        1750.0000000000000       -31341.501322912056     
   2466.2190011184443        6389250000.0000000        1877.0000000000000       -31276.727178840942     
   2466.4190477307507        6388550000.0000000        1986.0000000000000       -31210.577170456068     
   2466.6190452531246        6388950000.0000000        2127.0000000000000       -31143.033525058603     
   2466.8190410989869        6388150000.0000000        2228.0000000000000       -31074.029429038517     
   2467.0190352490481        6387150000.0000000        2331.0000000000000       -31003.511348017819     
   2467.2190276840129        6385550000.0000000        2642.0000000000000       -30931.423417616104     
   2467.4190183845799        6386750000.0000000        2669.0000000000000       -30857.707354473958     
   2467.6190548401883        6385650000.0000000        2819.0000000000000       -30782.284247743748     
   2467.8190420248989        6385250000.0000000        3231.0000000000000       -30705.126515119468     
   2468.0190274172733        6384950000.0000000        3488.0000000000000       -30626.150369672258     
   2468.2190585393337        6386650000.0000000        3732.0000000000000       -30545.267498199228     
   2468.4190402999257        6389850000.0000000        4066.0000000000000       -30462.444602061296     
   2468.6190202101907        6393650000.0000000        4626.0000000000000       -30377.588010124295     
   2468.8190458247395        6396050000.0000000        5080.0000000000000       -30290.599061667966     
   2469.0190219871906        6395450000.0000000        5732.0000000000000       -30201.438288241334     
   2469.2190438369648        6395750000.0000000        6492.0000000000000       -30109.979208082448     
   2469.4190637807537        6395050000.0000000        7481.0000000000000       -30016.155445733628     
   2469.6190341817564        6394350000.0000000        8927.0000000000000       -29919.899592766000     
   2469.8190502446050        6393750000.0000000        10473.000000000000       -29821.071853462887     
   2470.0190643433589        6392150000.0000000        12905.000000000000       -29719.597489565775     
   2470.2190764586380        6391450000.0000000        15850.000000000000       -29615.375750505595     
   2470.4190389101245        6391450000.0000000        20190.000000000000       -29508.328362445984     
   2470.6190469894123        6391650000.0000000        25624.000000000000       -29398.296830369964     
   2470.8190530270476        6391350000.0000000        32404.000000000000       -29285.195526620293     
   2471.0190570036252        6390750000.0000000        39079.000000000000       -29168.910447030015     
   2471.2190588997369        6390850000.0000000        46203.000000000000       -29049.324500320836     
   2471.4190586959653        6391150000.0000000        51213.000000000000       -28926.317674360645     
   2471.6190563728896        6390650000.0000000        54490.000000000000       -28799.767250055440     
   2471.8190519110826        6390150000.0000000        55903.000000000000       -28669.548069357541     
   2472.0190452911111        6390050000.0000000        54384.000000000000       -28535.532864394503     
   2472.2190842523682        6389350000.0000000        52537.000000000000       -28397.559235179127     
   2472.4190732686257        6389650000.0000000        50246.000000000000       -28255.562812053849     
   2472.6190600683840        6389250000.0000000        48175.000000000000       -28109.380239731909     
   2472.8190924236678        6388150000.0000000        47355.000000000000       -27958.844105297318     
   2473.0190747429383        6389050000.0000000        47621.000000000000       -27803.896116664913     
   2473.2190547873242        6389350000.0000000        48537.000000000000       -27644.372246310879     
   2473.4190803614833        6389550000.0000000        48724.000000000000       -27480.106641987550     
   2473.6191036435757        6389550000.0000000        47856.000000000000       -27311.014488433440     
   2473.8190767682131        6388850000.0000000        46008.000000000000       -27137.020574764840     
   2474.0190953968281        6388350000.0000000        43875.000000000000       -26957.930573576716     
   2474.2190638072302        6387750000.0000000        40977.000000000000       -26773.727003669235     
   2474.4190777043841        6388250000.0000000        38488.000000000000       -26584.228030570281     
   2474.6190892119944        6388150000.0000000        36692.000000000000       -26389.394805167696     
   2474.8190983105492        6389150000.0000000        35339.000000000000       -26189.158328323854     
   2475.0191049805289        6388750000.0000000        33895.000000000000       -25983.464980699078     
   2475.2191092024095        6388450000.0000000        33056.000000000000       -25772.278691293901     
   2475.4191109566614        6388950000.0000000        32766.000000000000       -25555.583182270591     
   2475.6191102237485        6389350000.0000000        31951.000000000000       -25333.384257675712     
   2475.8191069841305        6389550000.0000000        32273.000000000000       -25105.712095932366     
   2476.0191012182590        6388850000.0000000        32242.000000000000       -24872.623498046552     
   2476.2190929065819        6388350000.0000000        32419.000000000000       -24634.204035697854     
   2476.4190820295389        6387250000.0000000        33133.000000000000       -24390.570036307112     
   2476.6191165659448        6386850000.0000000        33996.000000000000       -24141.810051779932     
   2476.8191005103681        6386450000.0000000        35383.000000000000       -23888.226282608979     
   2477.0191298508876        6386950000.0000000        36614.000000000000       -23629.914929305178     
   2477.2191085384734        6386850000.0000000        37687.000000000000       -23367.253525787961     
   2477.4191326047826        6386550000.0000000        39111.000000000000       -23100.405277792877     
   2477.6191059571829        6386250000.0000000        40404.000000000000       -22829.822886499216     
   2477.8191246709125        6387050000.0000000        40890.000000000000       -22555.735116799977     
   2478.0190926097321        6387750000.0000000        41028.000000000000       -22278.664723283367     
   2478.2191058924668        6387950000.0000000        41566.000000000000       -21998.899604508566     
   2478.4191164357335        6387450000.0000000        40884.000000000000       -21716.954037838805     
   2478.6191242199125        6387350000.0000000        40748.000000000000       -21433.299184221280     
   2478.8191292253773        6387650000.0000000        39697.000000000000       -21148.425062856430     
   2479.0191314324957        6387550000.0000000        39054.000000000000       -20862.835814126389     
   2479.2191308216302        6387550000.0000000        38707.000000000000       -20577.044604318318     
   2479.4191273731362        6388550000.0000000        38220.000000000000       -20291.568296960708     
   2479.6191210673633        6388950000.0000000        37295.000000000000       -20006.922026645720     
   2479.8191118846594        6389650000.0000000        37179.000000000000       -19723.613815901914     
   2480.0191479890664        6389950000.0000000        36809.000000000000       -19442.071816450309     
   2480.2191330044134        6389850000.0000000        36403.000000000000       -19162.910244753482     
   2480.4191150838278        6390550000.0000000        35799.000000000000       -18886.517891899472     
   2480.6191424240610        6391050000.0000000        35535.000000000000       -18613.260530601849     
   2480.8191185834776        6391550000.0000000        35586.000000000000       -18343.672228450694     
   2481.0191399861596        6392250000.0000000        35519.000000000000       -18077.993767575957     
   2481.2191583959825        6391750000.0000000        35662.000000000000       -17816.627750426120     
   2481.4191255331730        6391850000.0000000        36069.000000000000       -17559.937604789771     
   2481.6191378872609        6391250000.0000000        35756.000000000000       -17308.065629649187     
   2481.8191471893733        6391050000.0000000        36152.000000000000       -17061.304623868346     
   2482.0191534197925        6390950000.0000000        36041.000000000000       -16819.849360156728     
   2482.2191565587968        6391150000.0000000        36503.000000000000       -16583.859993692975     
   2482.4191565866563        6390550000.0000000        36236.000000000000       -16353.463377278620     
   2482.6191534836385        6390950000.0000000        37083.000000000000       -16128.754711274847     
   2482.8191472300023        6390850000.0000000        37031.000000000000       -15909.799454128695     
   2483.0191378060017        6390350000.0000000        36890.000000000000       -15696.635422531106     
   2483.2191735501956        6389750000.0000000        37749.000000000000       -15489.225575487304     
   2483.4191577371248        6388250000.0000000        37265.000000000000       -15287.659450358900     
   2483.6191386944192        6387450000.0000000        37711.000000000000       -15091.854657683925     
   2483.8191647933763        6386450000.0000000        37177.000000000000       -14901.715774823933     
   2484.0191392430083        6385250000.0000000        37336.000000000000       -14717.268324410963     
   2484.2191588165897        6385850000.0000000        37323.000000000000       -14538.342309271389     
   2484.4191751032708        6386450000.0000000        37013.000000000000       -14364.890075218102     
   2484.6191880832607        6388450000.0000000        36912.000000000000       -14196.808296895490     
   2484.8191492910864        6391250000.0000000        37341.000000000000       -14034.023841284645     
   2485.0191555873771        6393650000.0000000        37017.000000000000       -13876.338895940475     
   2485.5191747395588        6393050000.0000000        36367.000000000000       -13503.771674760310     
   2486.0191846922721        6393550000.0000000        36722.000000000000       -13160.491507456474     
   2486.5191851561435        6392850000.0000000        36492.000000000000       -12844.395322162651     
   2487.0191758415781        6390850000.0000000        36209.000000000000       -12553.391042612237     
   2487.5192050519704        6389750000.0000000        35411.000000000000       -12285.425554790771     
   2488.0191753382096        6388550000.0000000        35333.000000000000       -12038.620871535042     
   2488.5191836238018        6387650000.0000000        34494.000000000000       -11811.117169402152     
   2489.0191810250858        6386250000.0000000        34361.000000000000       -11601.255914758814     
   2489.5192159539538        6385750000.0000000        34566.000000000000       -11407.466724569005     
   2490.0191907417302        6382550000.0000000        33778.000000000000       -11228.364210243208     
   2490.5192025297997        6379850000.0000000        33728.000000000000       -11062.614244221020     
   2491.0192023242789        6377650000.0000000        33688.000000000000       -10909.052681582534     
   2491.5192386456315        6375950000.0000000        33679.000000000000       -10766.592850652813     
   2492.0192136054784        6372950000.0000000        33695.000000000000       -10634.289783541410     
   2492.5192245632211        6370450000.0000000        34036.000000000000       -10511.236921851700     
   2493.0192224146876        6368150000.0000000        34099.000000000000       -10396.650910237335     
   2493.5192557889800        6365350000.0000000        34376.000000000000       -10289.801217607615     
   2494.0192265778837        6363750000.0000000        34406.000000000000       -10190.057368045696     
   2494.5192323589536        6363050000.0000000        34454.000000000000       -10096.810834632917     
   2495.0192239176622        6360250000.0000000        34509.000000000000       -10009.539019789781     
   2495.5192499918176        6358350000.0000000        34546.000000000000       -9927.7522523711523     
   2496.0192613116983        6355950000.0000000        34158.000000000000       -9851.0230674615450     
   2496.5192575836304        6353750000.0000000        34576.000000000000       -9778.9563403538195     
   2497.0192385137261        6352450000.0000000        34371.000000000000       -9711.1939866820503     
   2497.5192529485694        6350450000.0000000        34322.000000000000       -9647.4051537695941     
   2498.0192515079825        6347850000.0000000        34085.000000000000       -9587.3018077845936     
   2498.5192830929727        6345550000.0000000        33957.000000000000       -9530.6105939057870     
   2499.0192982681133        6344250000.0000000        33960.000000000000       -9477.0938308659479     
   2499.5192967384555        6343950000.0000000        33682.000000000000       -9426.5295670448577     
   2500.0192782088316        6342250000.0000000        33461.000000000000       -9378.7154742913790     
   2500.5192916891315        6340550000.0000000        33845.000000000000       -9333.4625407491330     
   2501.0192876333713        6338850000.0000000        33519.000000000000       -9290.6067837314531     
   2501.5193151059138        6336050000.0000000        33513.000000000000       -9249.9897916457776     
   2502.0193245054788        6332550000.0000000        33310.000000000000       -9211.4742544421006     
   2502.5193155358402        6331950000.0000000        33056.000000000000       -9174.9301489839381     
   2503.0192879005608        6331550000.0000000        33415.000000000000       -9140.2379392264393     
   2503.5192907729838        6329250000.0000000        32965.000000000000       -9107.2843759433636     
   2504.0193239386485        6327850000.0000000        32964.000000000000       -9075.9684036107010     
   2504.5193376579527        6324750000.0000000        32903.000000000000       -9046.1995178287034     
   2505.0193316336149        6320850000.0000000        33085.000000000000       -9017.8908712375687     
   2505.5193055681393        6317050000.0000000        32881.000000000000       -8990.9619590383645     
   2506.0193087712109        6314750000.0000000        32803.000000000000       -8965.3355507008309     
   2507.0193524586066        6308550000.0000000        33125.000000000000       -8917.7205434189837     
   2508.0193613700940        6304250000.0000000        33035.000000000000       -8874.5501620171890     
   2509.0193332814697        6300350000.0000000        32799.000000000000       -8835.3868314864485     
   2510.0193656200881        6296350000.0000000        33132.000000000000       -8799.8429054048465     
   2511.0193567203705        6292250000.0000000        32843.000000000000       -8767.5831378217918     
   2512.0193542857633        6288050000.0000000        33075.000000000000       -8738.3051873310051     
   2513.0194062367327        6282350000.0000000        33304.000000000000       -8711.7401930843243     
   2514.0194105675910        6278950000.0000000        33252.000000000000       -8687.6516795027892     
   2515.0194151372430        6275050000.0000000        33381.000000000000       -8665.8239703451745     
   2516.0194178637762        6272550000.0000000        33238.000000000000       -8646.0645852383004     
   2517.0194166620481        6267850000.0000000        33248.000000000000       -8628.2002951151444     
   2518.0194094436879        6268750000.0000000        33395.000000000000       -8612.0749505681470     
   2519.0194444406839        6268150000.0000000        33483.000000000000       -8597.5469220210452     
   2520.0194189662548        6266250000.0000000        33577.000000000000       -8584.4903223459078     
   2521.0194316247739        6268750000.0000000        33418.000000000000       -8572.7886568566501     
   2522.0194299914447        6271850000.0000000        33484.000000000000       -8562.3383620891127     
   2523.0194625063741        6277150000.0000000        33568.000000000000       -8553.0445602905020     
   2524.0194766279410        6277650000.0000000        33503.000000000000       -8544.8221955701883     
   2525.0194702453373        6276250000.0000000        33651.000000000000       -8537.5936089960232     
   2526.0194919549758        6274150000.0000000        33770.000000000000       -8531.2880090671606     
   2527.0194890398593        6275950000.0000000        33692.000000000000       -8525.8417385618832     
   2528.0195102007183        6276150000.0000000        33793.000000000000       -8521.1963528484775     
   2529.0195026035799        6276150000.0000000        33597.000000000000       -8517.2991595033891     
   2530.0195150535701        6277550000.0000000        33964.000000000000       -8514.1017530014760     
   2531.0195455869516        6278550000.0000000        34071.000000000000       -8511.5602350081317     
   2532.0195411941941        6277350000.0000000        33799.000000000000       -8509.6346244563247     
   2533.0195508371912        6275050000.0000000        33965.000000000000       -8508.2881744264359     
   2534.0195213892825        6277350000.0000000        33791.000000000000       -8507.4874294472847     
   2535.0195531260056        6275850000.0000000        33746.000000000000       -8507.2016384446270     
   2536.0195417054324        6274850000.0000000        33842.000000000000       -8507.4027005234202     
   2537.0195876188172        6275250000.0000000        33835.000000000000       -8508.0647936016849     
   2538.0195862960986        6276850000.0000000        33831.000000000000       -8509.1640747124166     
   2539.0195870132716        6274050000.0000000        34305.000000000000       -8510.6786570844488     
   2540.0195877787005        6272050000.0000000        33618.000000000000       -8512.5883158545548     
   2541.0195865976743        6269950000.0000000        33892.000000000000       -8514.8743478434371     
   2542.0196330702588        6270750000.0000000        33924.000000000000       -8517.5195710365770     
   2543.0196220554881        6270450000.0000000        33830.000000000000       -8520.5076290323905     
   2544.0196030916891        6267050000.0000000        33294.000000000000       -8523.8236929279174     
   2545.0196259365985        6265650000.0000000        33516.000000000000       -8527.4540235372388     
   2546.0196369267242        6264450000.0000000        33305.000000000000       -8531.3854473845095     
   2547.0196340489756        6261850000.0000000        33568.000000000000       -8535.6057955483338     
   2548.0196672189895        6256250000.0000000        33041.000000000000       -8540.1039051559419     
   2549.0196825971884        6255950000.0000000        33384.000000000000       -8544.8688571068033     
